0.25,6.75,0.3
0.25,6.5,0.3
0.25,6.25,0.3
0.25,6.75,0.6
0.25,6.5,0.6
0.25,6.25,0.6
0.25,6.75,0.8999999999999999
0.25,6.5,0.8999999999999999
0.25,6.25,0.8999999999999999
0.25,6.75,1.2
0.25,6.5,1.2
0.25,6.25,1.2
0.75,10.75,0.3
0.5,10.75,0.3
0.25,10.75,0.3
0.75,10.75,0.6
0.5,10.75,0.6
0.25,10.75,0.6
0.75,10.75,0.8999999999999999
0.5,10.75,0.8999999999999999
0.25,10.75,0.8999999999999999
0.75,10.75,1.2
0.5,10.75,1.2
0.25,10.75,1.2
0.25,11.75,0.3
0.25,11.5,0.3
0.25,11.25,0.3
0.25,11.75,0.6
0.25,11.5,0.6
0.25,11.25,0.6
0.25,11.75,0.8999999999999999
0.25,11.5,0.8999999999999999
0.25,11.25,0.8999999999999999
0.25,11.75,1.2
0.25,11.5,1.2
0.25,11.25,1.2
0.25,13.75,0.3
0.25,13.5,0.3
0.25,13.25,0.3
0.25,13.75,0.6
0.25,13.5,0.6
0.25,13.25,0.6
0.25,13.75,0.8999999999999999
0.25,13.5,0.8999999999999999
0.25,13.25,0.8999999999999999
0.25,13.75,1.2
0.25,13.5,1.2
0.25,13.25,1.2
0.75,14.75,0.3
0.5,14.75,0.3
0.25,14.75,0.3
0.75,14.75,0.6
0.5,14.75,0.6
0.25,14.75,0.6
0.75,14.75,0.8999999999999999
0.5,14.75,0.8999999999999999
0.25,14.75,0.8999999999999999
0.75,14.75,1.2
0.5,14.75,1.2
0.25,14.75,1.2
0.75,18.75,0.3
0.5,18.75,0.3
0.25,18.75,0.3
0.75,18.75,0.6
0.5,18.75,0.6
0.25,18.75,0.6
0.75,18.75,0.8999999999999999
0.5,18.75,0.8999999999999999
0.25,18.75,0.8999999999999999
0.75,18.75,1.2
0.5,18.75,1.2
0.25,18.75,1.2
0.25,19.25,0.3
0.5,19.25,0.3
0.75,19.25,0.3
0.25,19.25,0.6
0.5,19.25,0.6
0.75,19.25,0.6
0.25,19.25,0.8999999999999999
0.5,19.25,0.8999999999999999
0.75,19.25,0.8999999999999999
0.25,19.25,1.2
0.5,19.25,1.2
0.75,19.25,1.2
1.25,0.75,0.3
1.25,0.5,0.3
1.25,0.25,0.3
1.25,0.75,0.6
1.25,0.5,0.6
1.25,0.25,0.6
1.25,0.75,0.8999999999999999
1.25,0.5,0.8999999999999999
1.25,0.25,0.8999999999999999
1.25,0.75,1.2
1.25,0.5,1.2
1.25,0.25,1.2
1.75,7.25,0.3
1.75,7.5,0.3
1.75,7.75,0.3
1.75,7.25,0.6
1.75,7.5,0.6
1.75,7.75,0.6
1.75,7.25,0.8999999999999999
1.75,7.5,0.8999999999999999
1.75,7.75,0.8999999999999999
1.75,7.25,1.2
1.75,7.5,1.2
1.75,7.75,1.2
1.75,9.25,0.3
1.75,9.5,0.3
1.75,9.75,0.3
1.75,9.25,0.6
1.75,9.5,0.6
1.75,9.75,0.6
1.75,9.25,0.8999999999999999
1.75,9.5,0.8999999999999999
1.75,9.75,0.8999999999999999
1.75,9.25,1.2
1.75,9.5,1.2
1.75,9.75,1.2
1.25,11.75,0.3
1.25,11.5,0.3
1.25,11.25,0.3
1.25,11.75,0.6
1.25,11.5,0.6
1.25,11.25,0.6
1.25,11.75,0.8999999999999999
1.25,11.5,0.8999999999999999
1.25,11.25,0.8999999999999999
1.25,11.75,1.2
1.25,11.5,1.2
1.25,11.25,1.2
1.25,12.75,0.3
1.25,12.5,0.3
1.25,12.25,0.3
1.25,12.75,0.6
1.25,12.5,0.6
1.25,12.25,0.6
1.25,12.75,0.8999999999999999
1.25,12.5,0.8999999999999999
1.25,12.25,0.8999999999999999
1.25,12.75,1.2
1.25,12.5,1.2
1.25,12.25,1.2
1.25,15.75,0.3
1.25,15.5,0.3
1.25,15.25,0.3
1.25,15.75,0.6
1.25,15.5,0.6
1.25,15.25,0.6
1.25,15.75,0.8999999999999999
1.25,15.5,0.8999999999999999
1.25,15.25,0.8999999999999999
1.25,15.75,1.2
1.25,15.5,1.2
1.25,15.25,1.2
2.75,3.75,0.3
2.5,3.75,0.3
2.25,3.75,0.3
2.75,3.75,0.6
2.5,3.75,0.6
2.25,3.75,0.6
2.75,3.75,0.8999999999999999
2.5,3.75,0.8999999999999999
2.25,3.75,0.8999999999999999
2.75,3.75,1.2
2.5,3.75,1.2
2.25,3.75,1.2
2.75,4.25,0.3
2.75,4.5,0.3
2.75,4.75,0.3
2.75,4.25,0.6
2.75,4.5,0.6
2.75,4.75,0.6
2.75,4.25,0.8999999999999999
2.75,4.5,0.8999999999999999
2.75,4.75,0.8999999999999999
2.75,4.25,1.2
2.75,4.5,1.2
2.75,4.75,1.2
2.75,5.25,0.3
2.75,5.5,0.3
2.75,5.75,0.3
2.75,5.25,0.6
2.75,5.5,0.6
2.75,5.75,0.6
2.75,5.25,0.8999999999999999
2.75,5.5,0.8999999999999999
2.75,5.75,0.8999999999999999
2.75,5.25,1.2
2.75,5.5,1.2
2.75,5.75,1.2
2.75,7.25,0.3
2.75,7.5,0.3
2.75,7.75,0.3
2.75,7.25,0.6
2.75,7.5,0.6
2.75,7.75,0.6
2.75,7.25,0.8999999999999999
2.75,7.5,0.8999999999999999
2.75,7.75,0.8999999999999999
2.75,7.25,1.2
2.75,7.5,1.2
2.75,7.75,1.2
2.75,11.25,0.3
2.75,11.5,0.3
2.75,11.75,0.3
2.75,11.25,0.6
2.75,11.5,0.6
2.75,11.75,0.6
2.75,11.25,0.8999999999999999
2.75,11.5,0.8999999999999999
2.75,11.75,0.8999999999999999
2.75,11.25,1.2
2.75,11.5,1.2
2.75,11.75,1.2
2.75,14.75,0.3
2.5,14.75,0.3
2.25,14.75,0.3
2.75,14.75,0.6
2.5,14.75,0.6
2.25,14.75,0.6
2.75,14.75,0.8999999999999999
2.5,14.75,0.8999999999999999
2.25,14.75,0.8999999999999999
2.75,14.75,1.2
2.5,14.75,1.2
2.25,14.75,1.2
2.75,17.25,0.3
2.75,17.5,0.3
2.75,17.75,0.3
2.75,17.25,0.6
2.75,17.5,0.6
2.75,17.75,0.6
2.75,17.25,0.8999999999999999
2.75,17.5,0.8999999999999999
2.75,17.75,0.8999999999999999
2.75,17.25,1.2
2.75,17.5,1.2
2.75,17.75,1.2
2.75,18.75,0.3
2.5,18.75,0.3
2.25,18.75,0.3
2.75,18.75,0.6
2.5,18.75,0.6
2.25,18.75,0.6
2.75,18.75,0.8999999999999999
2.5,18.75,0.8999999999999999
2.25,18.75,0.8999999999999999
2.75,18.75,1.2
2.5,18.75,1.2
2.25,18.75,1.2
2.75,19.75,0.3
2.5,19.75,0.3
2.25,19.75,0.3
2.75,19.75,0.6
2.5,19.75,0.6
2.25,19.75,0.6
2.75,19.75,0.8999999999999999
2.5,19.75,0.8999999999999999
2.25,19.75,0.8999999999999999
2.75,19.75,1.2
2.5,19.75,1.2
2.25,19.75,1.2
3.75,0.75,0.3
3.5,0.75,0.3
3.25,0.75,0.3
3.75,0.75,0.6
3.5,0.75,0.6
3.25,0.75,0.6
3.75,0.75,0.8999999999999999
3.5,0.75,0.8999999999999999
3.25,0.75,0.8999999999999999
3.75,0.75,1.2
3.5,0.75,1.2
3.25,0.75,1.2
3.25,2.75,0.3
3.25,2.5,0.3
3.25,2.25,0.3
3.25,2.75,0.6
3.25,2.5,0.6
3.25,2.25,0.6
3.25,2.75,0.8999999999999999
3.25,2.5,0.8999999999999999
3.25,2.25,0.8999999999999999
3.25,2.75,1.2
3.25,2.5,1.2
3.25,2.25,1.2
3.75,8.25,0.3
3.75,8.5,0.3
3.75,8.75,0.3
3.75,8.25,0.6
3.75,8.5,0.6
3.75,8.75,0.6
3.75,8.25,0.8999999999999999
3.75,8.5,0.8999999999999999
3.75,8.75,0.8999999999999999
3.75,8.25,1.2
3.75,8.5,1.2
3.75,8.75,1.2
3.75,10.75,0.3
3.5,10.75,0.3
3.25,10.75,0.3
3.75,10.75,0.6
3.5,10.75,0.6
3.25,10.75,0.6
3.75,10.75,0.8999999999999999
3.5,10.75,0.8999999999999999
3.25,10.75,0.8999999999999999
3.75,10.75,1.2
3.5,10.75,1.2
3.25,10.75,1.2
3.25,13.75,0.3
3.25,13.5,0.3
3.25,13.25,0.3
3.25,13.75,0.6
3.25,13.5,0.6
3.25,13.25,0.6
3.25,13.75,0.8999999999999999
3.25,13.5,0.8999999999999999
3.25,13.25,0.8999999999999999
3.25,13.75,1.2
3.25,13.5,1.2
3.25,13.25,1.2
3.25,14.25,0.3
3.5,14.25,0.3
3.75,14.25,0.3
3.25,14.25,0.6
3.5,14.25,0.6
3.75,14.25,0.6
3.25,14.25,0.8999999999999999
3.5,14.25,0.8999999999999999
3.75,14.25,0.8999999999999999
3.25,14.25,1.2
3.5,14.25,1.2
3.75,14.25,1.2
3.25,15.25,0.3
3.5,15.25,0.3
3.75,15.25,0.3
3.25,15.25,0.6
3.5,15.25,0.6
3.75,15.25,0.6
3.25,15.25,0.8999999999999999
3.5,15.25,0.8999999999999999
3.75,15.25,0.8999999999999999
3.25,15.25,1.2
3.5,15.25,1.2
3.75,15.25,1.2
3.25,16.25,0.3
3.5,16.25,0.3
3.75,16.25,0.3
3.25,16.25,0.6
3.5,16.25,0.6
3.75,16.25,0.6
3.25,16.25,0.8999999999999999
3.5,16.25,0.8999999999999999
3.75,16.25,0.8999999999999999
3.25,16.25,1.2
3.5,16.25,1.2
3.75,16.25,1.2
3.75,17.25,0.3
3.75,17.5,0.3
3.75,17.75,0.3
3.75,17.25,0.6
3.75,17.5,0.6
3.75,17.75,0.6
3.75,17.25,0.8999999999999999
3.75,17.5,0.8999999999999999
3.75,17.75,0.8999999999999999
3.75,17.25,1.2
3.75,17.5,1.2
3.75,17.75,1.2
3.25,18.75,0.3
3.25,18.5,0.3
3.25,18.25,0.3
3.25,18.75,0.6
3.25,18.5,0.6
3.25,18.25,0.6
3.25,18.75,0.8999999999999999
3.25,18.5,0.8999999999999999
3.25,18.25,0.8999999999999999
3.25,18.75,1.2
3.25,18.5,1.2
3.25,18.25,1.2
3.75,19.25,0.3
3.75,19.5,0.3
3.75,19.75,0.3
3.75,19.25,0.6
3.75,19.5,0.6
3.75,19.75,0.6
3.75,19.25,0.8999999999999999
3.75,19.5,0.8999999999999999
3.75,19.75,0.8999999999999999
3.75,19.25,1.2
3.75,19.5,1.2
3.75,19.75,1.2
4.25,3.25,0.3
4.5,3.25,0.3
4.75,3.25,0.3
4.25,3.25,0.6
4.5,3.25,0.6
4.75,3.25,0.6
4.25,3.25,0.8999999999999999
4.5,3.25,0.8999999999999999
4.75,3.25,0.8999999999999999
4.25,3.25,1.2
4.5,3.25,1.2
4.75,3.25,1.2
4.25,6.25,0.3
4.5,6.25,0.3
4.75,6.25,0.3
4.25,6.25,0.6
4.5,6.25,0.6
4.75,6.25,0.6
4.25,6.25,0.8999999999999999
4.5,6.25,0.8999999999999999
4.75,6.25,0.8999999999999999
4.25,6.25,1.2
4.5,6.25,1.2
4.75,6.25,1.2
4.25,10.75,0.3
4.25,10.5,0.3
4.25,10.25,0.3
4.25,10.75,0.6
4.25,10.5,0.6
4.25,10.25,0.6
4.25,10.75,0.8999999999999999
4.25,10.5,0.8999999999999999
4.25,10.25,0.8999999999999999
4.25,10.75,1.2
4.25,10.5,1.2
4.25,10.25,1.2
4.25,11.25,0.3
4.5,11.25,0.3
4.75,11.25,0.3
4.25,11.25,0.6
4.5,11.25,0.6
4.75,11.25,0.6
4.25,11.25,0.8999999999999999
4.5,11.25,0.8999999999999999
4.75,11.25,0.8999999999999999
4.25,11.25,1.2
4.5,11.25,1.2
4.75,11.25,1.2
4.75,14.25,0.3
4.75,14.5,0.3
4.75,14.75,0.3
4.75,14.25,0.6
4.75,14.5,0.6
4.75,14.75,0.6
4.75,14.25,0.8999999999999999
4.75,14.5,0.8999999999999999
4.75,14.75,0.8999999999999999
4.75,14.25,1.2
4.75,14.5,1.2
4.75,14.75,1.2
4.75,16.75,0.3
4.5,16.75,0.3
4.25,16.75,0.3
4.75,16.75,0.6
4.5,16.75,0.6
4.25,16.75,0.6
4.75,16.75,0.8999999999999999
4.5,16.75,0.8999999999999999
4.25,16.75,0.8999999999999999
4.75,16.75,1.2
4.5,16.75,1.2
4.25,16.75,1.2
4.25,18.75,0.3
4.25,18.5,0.3
4.25,18.25,0.3
4.25,18.75,0.6
4.25,18.5,0.6
4.25,18.25,0.6
4.25,18.75,0.8999999999999999
4.25,18.5,0.8999999999999999
4.25,18.25,0.8999999999999999
4.25,18.75,1.2
4.25,18.5,1.2
4.25,18.25,1.2
5.25,0.75,0.3
5.25,0.5,0.3
5.25,0.25,0.3
5.25,0.75,0.6
5.25,0.5,0.6
5.25,0.25,0.6
5.25,0.75,0.8999999999999999
5.25,0.5,0.8999999999999999
5.25,0.25,0.8999999999999999
5.25,0.75,1.2
5.25,0.5,1.2
5.25,0.25,1.2
5.25,3.25,0.3
5.5,3.25,0.3
5.75,3.25,0.3
5.25,3.25,0.6
5.5,3.25,0.6
5.75,3.25,0.6
5.25,3.25,0.8999999999999999
5.5,3.25,0.8999999999999999
5.75,3.25,0.8999999999999999
5.25,3.25,1.2
5.5,3.25,1.2
5.75,3.25,1.2
5.25,8.25,0.3
5.5,8.25,0.3
5.75,8.25,0.3
5.25,8.25,0.6
5.5,8.25,0.6
5.75,8.25,0.6
5.25,8.25,0.8999999999999999
5.5,8.25,0.8999999999999999
5.75,8.25,0.8999999999999999
5.25,8.25,1.2
5.5,8.25,1.2
5.75,8.25,1.2
5.25,9.75,0.3
5.25,9.5,0.3
5.25,9.25,0.3
5.25,9.75,0.6
5.25,9.5,0.6
5.25,9.25,0.6
5.25,9.75,0.8999999999999999
5.25,9.5,0.8999999999999999
5.25,9.25,0.8999999999999999
5.25,9.75,1.2
5.25,9.5,1.2
5.25,9.25,1.2
5.25,14.75,0.3
5.25,14.5,0.3
5.25,14.25,0.3
5.25,14.75,0.6
5.25,14.5,0.6
5.25,14.25,0.6
5.25,14.75,0.8999999999999999
5.25,14.5,0.8999999999999999
5.25,14.25,0.8999999999999999
5.25,14.75,1.2
5.25,14.5,1.2
5.25,14.25,1.2
5.25,15.25,0.3
5.5,15.25,0.3
5.75,15.25,0.3
5.25,15.25,0.6
5.5,15.25,0.6
5.75,15.25,0.6
5.25,15.25,0.8999999999999999
5.5,15.25,0.8999999999999999
5.75,15.25,0.8999999999999999
5.25,15.25,1.2
5.5,15.25,1.2
5.75,15.25,1.2
5.75,19.75,0.3
5.5,19.75,0.3
5.25,19.75,0.3
5.75,19.75,0.6
5.5,19.75,0.6
5.25,19.75,0.6
5.75,19.75,0.8999999999999999
5.5,19.75,0.8999999999999999
5.25,19.75,0.8999999999999999
5.75,19.75,1.2
5.5,19.75,1.2
5.25,19.75,1.2
6.25,1.75,0.3
6.25,1.5,0.3
6.25,1.25,0.3
6.25,1.75,0.6
6.25,1.5,0.6
6.25,1.25,0.6
6.25,1.75,0.8999999999999999
6.25,1.5,0.8999999999999999
6.25,1.25,0.8999999999999999
6.25,1.75,1.2
6.25,1.5,1.2
6.25,1.25,1.2
6.25,3.25,0.3
6.5,3.25,0.3
6.75,3.25,0.3
6.25,3.25,0.6
6.5,3.25,0.6
6.75,3.25,0.6
6.25,3.25,0.8999999999999999
6.5,3.25,0.8999999999999999
6.75,3.25,0.8999999999999999
6.25,3.25,1.2
6.5,3.25,1.2
6.75,3.25,1.2
6.25,7.75,0.3
6.25,7.5,0.3
6.25,7.25,0.3
6.25,7.75,0.6
6.25,7.5,0.6
6.25,7.25,0.6
6.25,7.75,0.8999999999999999
6.25,7.5,0.8999999999999999
6.25,7.25,0.8999999999999999
6.25,7.75,1.2
6.25,7.5,1.2
6.25,7.25,1.2
6.75,10.75,0.3
6.5,10.75,0.3
6.25,10.75,0.3
6.75,10.75,0.6
6.5,10.75,0.6
6.25,10.75,0.6
6.75,10.75,0.8999999999999999
6.5,10.75,0.8999999999999999
6.25,10.75,0.8999999999999999
6.75,10.75,1.2
6.5,10.75,1.2
6.25,10.75,1.2
6.75,11.25,0.3
6.75,11.5,0.3
6.75,11.75,0.3
6.75,11.25,0.6
6.75,11.5,0.6
6.75,11.75,0.6
6.75,11.25,0.8999999999999999
6.75,11.5,0.8999999999999999
6.75,11.75,0.8999999999999999
6.75,11.25,1.2
6.75,11.5,1.2
6.75,11.75,1.2
7.75,0.75,0.3
7.5,0.75,0.3
7.25,0.75,0.3
7.75,0.75,0.6
7.5,0.75,0.6
7.25,0.75,0.6
7.75,0.75,0.8999999999999999
7.5,0.75,0.8999999999999999
7.25,0.75,0.8999999999999999
7.75,0.75,1.2
7.5,0.75,1.2
7.25,0.75,1.2
7.75,2.75,0.3
7.5,2.75,0.3
7.25,2.75,0.3
7.75,2.75,0.6
7.5,2.75,0.6
7.25,2.75,0.6
7.75,2.75,0.8999999999999999
7.5,2.75,0.8999999999999999
7.25,2.75,0.8999999999999999
7.75,2.75,1.2
7.5,2.75,1.2
7.25,2.75,1.2
7.75,6.75,0.3
7.5,6.75,0.3
7.25,6.75,0.3
7.75,6.75,0.6
7.5,6.75,0.6
7.25,6.75,0.6
7.75,6.75,0.8999999999999999
7.5,6.75,0.8999999999999999
7.25,6.75,0.8999999999999999
7.75,6.75,1.2
7.5,6.75,1.2
7.25,6.75,1.2
7.75,13.75,0.3
7.5,13.75,0.3
7.25,13.75,0.3
7.75,13.75,0.6
7.5,13.75,0.6
7.25,13.75,0.6
7.75,13.75,0.8999999999999999
7.5,13.75,0.8999999999999999
7.25,13.75,0.8999999999999999
7.75,13.75,1.2
7.5,13.75,1.2
7.25,13.75,1.2
7.25,14.75,0.3
7.25,14.5,0.3
7.25,14.25,0.3
7.25,14.75,0.6
7.25,14.5,0.6
7.25,14.25,0.6
7.25,14.75,0.8999999999999999
7.25,14.5,0.8999999999999999
7.25,14.25,0.8999999999999999
7.25,14.75,1.2
7.25,14.5,1.2
7.25,14.25,1.2
7.25,16.25,0.3
7.5,16.25,0.3
7.75,16.25,0.3
7.25,16.25,0.6
7.5,16.25,0.6
7.75,16.25,0.6
7.25,16.25,0.8999999999999999
7.5,16.25,0.8999999999999999
7.75,16.25,0.8999999999999999
7.25,16.25,1.2
7.5,16.25,1.2
7.75,16.25,1.2
7.25,17.75,0.3
7.25,17.5,0.3
7.25,17.25,0.3
7.25,17.75,0.6
7.25,17.5,0.6
7.25,17.25,0.6
7.25,17.75,0.8999999999999999
7.25,17.5,0.8999999999999999
7.25,17.25,0.8999999999999999
7.25,17.75,1.2
7.25,17.5,1.2
7.25,17.25,1.2
8.25,3.75,0.3
8.25,3.5,0.3
8.25,3.25,0.3
8.25,3.75,0.6
8.25,3.5,0.6
8.25,3.25,0.6
8.25,3.75,0.8999999999999999
8.25,3.5,0.8999999999999999
8.25,3.25,0.8999999999999999
8.25,3.75,1.2
8.25,3.5,1.2
8.25,3.25,1.2
8.25,5.25,0.3
8.5,5.25,0.3
8.75,5.25,0.3
8.25,5.25,0.6
8.5,5.25,0.6
8.75,5.25,0.6
8.25,5.25,0.8999999999999999
8.5,5.25,0.8999999999999999
8.75,5.25,0.8999999999999999
8.25,5.25,1.2
8.5,5.25,1.2
8.75,5.25,1.2
8.25,6.25,0.3
8.5,6.25,0.3
8.75,6.25,0.3
8.25,6.25,0.6
8.5,6.25,0.6
8.75,6.25,0.6
8.25,6.25,0.8999999999999999
8.5,6.25,0.8999999999999999
8.75,6.25,0.8999999999999999
8.25,6.25,1.2
8.5,6.25,1.2
8.75,6.25,1.2
8.75,7.25,0.3
8.75,7.5,0.3
8.75,7.75,0.3
8.75,7.25,0.6
8.75,7.5,0.6
8.75,7.75,0.6
8.75,7.25,0.8999999999999999
8.75,7.5,0.8999999999999999
8.75,7.75,0.8999999999999999
8.75,7.25,1.2
8.75,7.5,1.2
8.75,7.75,1.2
8.75,8.25,0.3
8.75,8.5,0.3
8.75,8.75,0.3
8.75,8.25,0.6
8.75,8.5,0.6
8.75,8.75,0.6
8.75,8.25,0.8999999999999999
8.75,8.5,0.8999999999999999
8.75,8.75,0.8999999999999999
8.75,8.25,1.2
8.75,8.5,1.2
8.75,8.75,1.2
8.75,9.75,0.3
8.5,9.75,0.3
8.25,9.75,0.3
8.75,9.75,0.6
8.5,9.75,0.6
8.25,9.75,0.6
8.75,9.75,0.8999999999999999
8.5,9.75,0.8999999999999999
8.25,9.75,0.8999999999999999
8.75,9.75,1.2
8.5,9.75,1.2
8.25,9.75,1.2
8.25,11.75,0.3
8.25,11.5,0.3
8.25,11.25,0.3
8.25,11.75,0.6
8.25,11.5,0.6
8.25,11.25,0.6
8.25,11.75,0.8999999999999999
8.25,11.5,0.8999999999999999
8.25,11.25,0.8999999999999999
8.25,11.75,1.2
8.25,11.5,1.2
8.25,11.25,1.2
8.75,12.75,0.3
8.5,12.75,0.3
8.25,12.75,0.3
8.75,12.75,0.6
8.5,12.75,0.6
8.25,12.75,0.6
8.75,12.75,0.8999999999999999
8.5,12.75,0.8999999999999999
8.25,12.75,0.8999999999999999
8.75,12.75,1.2
8.5,12.75,1.2
8.25,12.75,1.2
8.25,13.75,0.3
8.25,13.5,0.3
8.25,13.25,0.3
8.25,13.75,0.6
8.25,13.5,0.6
8.25,13.25,0.6
8.25,13.75,0.8999999999999999
8.25,13.5,0.8999999999999999
8.25,13.25,0.8999999999999999
8.25,13.75,1.2
8.25,13.5,1.2
8.25,13.25,1.2
8.25,14.25,0.3
8.5,14.25,0.3
8.75,14.25,0.3
8.25,14.25,0.6
8.5,14.25,0.6
8.75,14.25,0.6
8.25,14.25,0.8999999999999999
8.5,14.25,0.8999999999999999
8.75,14.25,0.8999999999999999
8.25,14.25,1.2
8.5,14.25,1.2
8.75,14.25,1.2
8.25,15.25,0.3
8.5,15.25,0.3
8.75,15.25,0.3
8.25,15.25,0.6
8.5,15.25,0.6
8.75,15.25,0.6
8.25,15.25,0.8999999999999999
8.5,15.25,0.8999999999999999
8.75,15.25,0.8999999999999999
8.25,15.25,1.2
8.5,15.25,1.2
8.75,15.25,1.2
9.25,3.75,0.3
9.25,3.5,0.3
9.25,3.25,0.3
9.25,3.75,0.6
9.25,3.5,0.6
9.25,3.25,0.6
9.25,3.75,0.8999999999999999
9.25,3.5,0.8999999999999999
9.25,3.25,0.8999999999999999
9.25,3.75,1.2
9.25,3.5,1.2
9.25,3.25,1.2
9.25,7.25,0.3
9.5,7.25,0.3
9.75,7.25,0.3
9.25,7.25,0.6
9.5,7.25,0.6
9.75,7.25,0.6
9.25,7.25,0.8999999999999999
9.5,7.25,0.8999999999999999
9.75,7.25,0.8999999999999999
9.25,7.25,1.2
9.5,7.25,1.2
9.75,7.25,1.2
9.25,8.25,0.3
9.5,8.25,0.3
9.75,8.25,0.3
9.25,8.25,0.6
9.5,8.25,0.6
9.75,8.25,0.6
9.25,8.25,0.8999999999999999
9.5,8.25,0.8999999999999999
9.75,8.25,0.8999999999999999
9.25,8.25,1.2
9.5,8.25,1.2
9.75,8.25,1.2
9.75,9.75,0.3
9.5,9.75,0.3
9.25,9.75,0.3
9.75,9.75,0.6
9.5,9.75,0.6
9.25,9.75,0.6
9.75,9.75,0.8999999999999999
9.5,9.75,0.8999999999999999
9.25,9.75,0.8999999999999999
9.75,9.75,1.2
9.5,9.75,1.2
9.25,9.75,1.2
9.25,14.75,0.3
9.25,14.5,0.3
9.25,14.25,0.3
9.25,14.75,0.6
9.25,14.5,0.6
9.25,14.25,0.6
9.25,14.75,0.8999999999999999
9.25,14.5,0.8999999999999999
9.25,14.25,0.8999999999999999
9.25,14.75,1.2
9.25,14.5,1.2
9.25,14.25,1.2
9.75,17.75,0.3
9.5,17.75,0.3
9.25,17.75,0.3
9.75,17.75,0.6
9.5,17.75,0.6
9.25,17.75,0.6
9.75,17.75,0.8999999999999999
9.5,17.75,0.8999999999999999
9.25,17.75,0.8999999999999999
9.75,17.75,1.2
9.5,17.75,1.2
9.25,17.75,1.2
10.75,0.75,0.3
10.5,0.75,0.3
10.25,0.75,0.3
10.75,0.75,0.6
10.5,0.75,0.6
10.25,0.75,0.6
10.75,0.75,0.8999999999999999
10.5,0.75,0.8999999999999999
10.25,0.75,0.8999999999999999
10.75,0.75,1.2
10.5,0.75,1.2
10.25,0.75,1.2
10.75,1.25,0.3
10.75,1.5,0.3
10.75,1.75,0.3
10.75,1.25,0.6
10.75,1.5,0.6
10.75,1.75,0.6
10.75,1.25,0.8999999999999999
10.75,1.5,0.8999999999999999
10.75,1.75,0.8999999999999999
10.75,1.25,1.2
10.75,1.5,1.2
10.75,1.75,1.2
10.75,2.75,0.3
10.5,2.75,0.3
10.25,2.75,0.3
10.75,2.75,0.6
10.5,2.75,0.6
10.25,2.75,0.6
10.75,2.75,0.8999999999999999
10.5,2.75,0.8999999999999999
10.25,2.75,0.8999999999999999
10.75,2.75,1.2
10.5,2.75,1.2
10.25,2.75,1.2
10.25,3.25,0.3
10.5,3.25,0.3
10.75,3.25,0.3
10.25,3.25,0.6
10.5,3.25,0.6
10.75,3.25,0.6
10.25,3.25,0.8999999999999999
10.5,3.25,0.8999999999999999
10.75,3.25,0.8999999999999999
10.25,3.25,1.2
10.5,3.25,1.2
10.75,3.25,1.2
10.25,8.25,0.3
10.5,8.25,0.3
10.75,8.25,0.3
10.25,8.25,0.6
10.5,8.25,0.6
10.75,8.25,0.6
10.25,8.25,0.8999999999999999
10.5,8.25,0.8999999999999999
10.75,8.25,0.8999999999999999
10.25,8.25,1.2
10.5,8.25,1.2
10.75,8.25,1.2
10.75,9.75,0.3
10.5,9.75,0.3
10.25,9.75,0.3
10.75,9.75,0.6
10.5,9.75,0.6
10.25,9.75,0.6
10.75,9.75,0.8999999999999999
10.5,9.75,0.8999999999999999
10.25,9.75,0.8999999999999999
10.75,9.75,1.2
10.5,9.75,1.2
10.25,9.75,1.2
10.75,13.75,0.3
10.5,13.75,0.3
10.25,13.75,0.3
10.75,13.75,0.6
10.5,13.75,0.6
10.25,13.75,0.6
10.75,13.75,0.8999999999999999
10.5,13.75,0.8999999999999999
10.25,13.75,0.8999999999999999
10.75,13.75,1.2
10.5,13.75,1.2
10.25,13.75,1.2
10.75,14.75,0.3
10.5,14.75,0.3
10.25,14.75,0.3
10.75,14.75,0.6
10.5,14.75,0.6
10.25,14.75,0.6
10.75,14.75,0.8999999999999999
10.5,14.75,0.8999999999999999
10.25,14.75,0.8999999999999999
10.75,14.75,1.2
10.5,14.75,1.2
10.25,14.75,1.2
10.75,16.25,0.3
10.75,16.5,0.3
10.75,16.75,0.3
10.75,16.25,0.6
10.75,16.5,0.6
10.75,16.75,0.6
10.75,16.25,0.8999999999999999
10.75,16.5,0.8999999999999999
10.75,16.75,0.8999999999999999
10.75,16.25,1.2
10.75,16.5,1.2
10.75,16.75,1.2
11.75,5.25,0.3
11.75,5.5,0.3
11.75,5.75,0.3
11.75,5.25,0.6
11.75,5.5,0.6
11.75,5.75,0.6
11.75,5.25,0.8999999999999999
11.75,5.5,0.8999999999999999
11.75,5.75,0.8999999999999999
11.75,5.25,1.2
11.75,5.5,1.2
11.75,5.75,1.2
11.25,6.25,0.3
11.5,6.25,0.3
11.75,6.25,0.3
11.25,6.25,0.6
11.5,6.25,0.6
11.75,6.25,0.6
11.25,6.25,0.8999999999999999
11.5,6.25,0.8999999999999999
11.75,6.25,0.8999999999999999
11.25,6.25,1.2
11.5,6.25,1.2
11.75,6.25,1.2
11.75,9.75,0.3
11.5,9.75,0.3
11.25,9.75,0.3
11.75,9.75,0.6
11.5,9.75,0.6
11.25,9.75,0.6
11.75,9.75,0.8999999999999999
11.5,9.75,0.8999999999999999
11.25,9.75,0.8999999999999999
11.75,9.75,1.2
11.5,9.75,1.2
11.25,9.75,1.2
11.25,10.25,0.3
11.5,10.25,0.3
11.75,10.25,0.3
11.25,10.25,0.6
11.5,10.25,0.6
11.75,10.25,0.6
11.25,10.25,0.8999999999999999
11.5,10.25,0.8999999999999999
11.75,10.25,0.8999999999999999
11.25,10.25,1.2
11.5,10.25,1.2
11.75,10.25,1.2
11.75,11.25,0.3
11.75,11.5,0.3
11.75,11.75,0.3
11.75,11.25,0.6
11.75,11.5,0.6
11.75,11.75,0.6
11.75,11.25,0.8999999999999999
11.75,11.5,0.8999999999999999
11.75,11.75,0.8999999999999999
11.75,11.25,1.2
11.75,11.5,1.2
11.75,11.75,1.2
11.75,12.25,0.3
11.75,12.5,0.3
11.75,12.75,0.3
11.75,12.25,0.6
11.75,12.5,0.6
11.75,12.75,0.6
11.75,12.25,0.8999999999999999
11.75,12.5,0.8999999999999999
11.75,12.75,0.8999999999999999
11.75,12.25,1.2
11.75,12.5,1.2
11.75,12.75,1.2
11.75,13.25,0.3
11.75,13.5,0.3
11.75,13.75,0.3
11.75,13.25,0.6
11.75,13.5,0.6
11.75,13.75,0.6
11.75,13.25,0.8999999999999999
11.75,13.5,0.8999999999999999
11.75,13.75,0.8999999999999999
11.75,13.25,1.2
11.75,13.5,1.2
11.75,13.75,1.2
11.25,16.25,0.3
11.5,16.25,0.3
11.75,16.25,0.3
11.25,16.25,0.6
11.5,16.25,0.6
11.75,16.25,0.6
11.25,16.25,0.8999999999999999
11.5,16.25,0.8999999999999999
11.75,16.25,0.8999999999999999
11.25,16.25,1.2
11.5,16.25,1.2
11.75,16.25,1.2
11.75,18.75,0.3
11.5,18.75,0.3
11.25,18.75,0.3
11.75,18.75,0.6
11.5,18.75,0.6
11.25,18.75,0.6
11.75,18.75,0.8999999999999999
11.5,18.75,0.8999999999999999
11.25,18.75,0.8999999999999999
11.75,18.75,1.2
11.5,18.75,1.2
11.25,18.75,1.2
11.75,19.25,0.3
11.75,19.5,0.3
11.75,19.75,0.3
11.75,19.25,0.6
11.75,19.5,0.6
11.75,19.75,0.6
11.75,19.25,0.8999999999999999
11.75,19.5,0.8999999999999999
11.75,19.75,0.8999999999999999
11.75,19.25,1.2
11.75,19.5,1.2
11.75,19.75,1.2
12.75,6.75,0.3
12.5,6.75,0.3
12.25,6.75,0.3
12.75,6.75,0.6
12.5,6.75,0.6
12.25,6.75,0.6
12.75,6.75,0.8999999999999999
12.5,6.75,0.8999999999999999
12.25,6.75,0.8999999999999999
12.75,6.75,1.2
12.5,6.75,1.2
12.25,6.75,1.2
12.25,9.25,0.3
12.5,9.25,0.3
12.75,9.25,0.3
12.25,9.25,0.6
12.5,9.25,0.6
12.75,9.25,0.6
12.25,9.25,0.8999999999999999
12.5,9.25,0.8999999999999999
12.75,9.25,0.8999999999999999
12.25,9.25,1.2
12.5,9.25,1.2
12.75,9.25,1.2
12.75,10.25,0.3
12.75,10.5,0.3
12.75,10.75,0.3
12.75,10.25,0.6
12.75,10.5,0.6
12.75,10.75,0.6
12.75,10.25,0.8999999999999999
12.75,10.5,0.8999999999999999
12.75,10.75,0.8999999999999999
12.75,10.25,1.2
12.75,10.5,1.2
12.75,10.75,1.2
12.25,11.25,0.3
12.5,11.25,0.3
12.75,11.25,0.3
12.25,11.25,0.6
12.5,11.25,0.6
12.75,11.25,0.6
12.25,11.25,0.8999999999999999
12.5,11.25,0.8999999999999999
12.75,11.25,0.8999999999999999
12.25,11.25,1.2
12.5,11.25,1.2
12.75,11.25,1.2
12.25,13.75,0.3
12.25,13.5,0.3
12.25,13.25,0.3
12.25,13.75,0.6
12.25,13.5,0.6
12.25,13.25,0.6
12.25,13.75,0.8999999999999999
12.25,13.5,0.8999999999999999
12.25,13.25,0.8999999999999999
12.25,13.75,1.2
12.25,13.5,1.2
12.25,13.25,1.2
12.25,14.75,0.3
12.25,14.5,0.3
12.25,14.25,0.3
12.25,14.75,0.6
12.25,14.5,0.6
12.25,14.25,0.6
12.25,14.75,0.8999999999999999
12.25,14.5,0.8999999999999999
12.25,14.25,0.8999999999999999
12.25,14.75,1.2
12.25,14.5,1.2
12.25,14.25,1.2
12.25,15.25,0.3
12.5,15.25,0.3
12.75,15.25,0.3
12.25,15.25,0.6
12.5,15.25,0.6
12.75,15.25,0.6
12.25,15.25,0.8999999999999999
12.5,15.25,0.8999999999999999
12.75,15.25,0.8999999999999999
12.25,15.25,1.2
12.5,15.25,1.2
12.75,15.25,1.2
12.25,17.25,0.3
12.5,17.25,0.3
12.75,17.25,0.3
12.25,17.25,0.6
12.5,17.25,0.6
12.75,17.25,0.6
12.25,17.25,0.8999999999999999
12.5,17.25,0.8999999999999999
12.75,17.25,0.8999999999999999
12.25,17.25,1.2
12.5,17.25,1.2
12.75,17.25,1.2
13.75,2.75,0.3
13.5,2.75,0.3
13.25,2.75,0.3
13.75,2.75,0.6
13.5,2.75,0.6
13.25,2.75,0.6
13.75,2.75,0.8999999999999999
13.5,2.75,0.8999999999999999
13.25,2.75,0.8999999999999999
13.75,2.75,1.2
13.5,2.75,1.2
13.25,2.75,1.2
13.25,3.75,0.3
13.25,3.5,0.3
13.25,3.25,0.3
13.25,3.75,0.6
13.25,3.5,0.6
13.25,3.25,0.6
13.25,3.75,0.8999999999999999
13.25,3.5,0.8999999999999999
13.25,3.25,0.8999999999999999
13.25,3.75,1.2
13.25,3.5,1.2
13.25,3.25,1.2
13.75,4.25,0.3
13.75,4.5,0.3
13.75,4.75,0.3
13.75,4.25,0.6
13.75,4.5,0.6
13.75,4.75,0.6
13.75,4.25,0.8999999999999999
13.75,4.5,0.8999999999999999
13.75,4.75,0.8999999999999999
13.75,4.25,1.2
13.75,4.5,1.2
13.75,4.75,1.2
13.75,6.75,0.3
13.5,6.75,0.3
13.25,6.75,0.3
13.75,6.75,0.6
13.5,6.75,0.6
13.25,6.75,0.6
13.75,6.75,0.8999999999999999
13.5,6.75,0.8999999999999999
13.25,6.75,0.8999999999999999
13.75,6.75,1.2
13.5,6.75,1.2
13.25,6.75,1.2
13.25,11.75,0.3
13.25,11.5,0.3
13.25,11.25,0.3
13.25,11.75,0.6
13.25,11.5,0.6
13.25,11.25,0.6
13.25,11.75,0.8999999999999999
13.25,11.5,0.8999999999999999
13.25,11.25,0.8999999999999999
13.25,11.75,1.2
13.25,11.5,1.2
13.25,11.25,1.2
13.25,17.75,0.3
13.25,17.5,0.3
13.25,17.25,0.3
13.25,17.75,0.6
13.25,17.5,0.6
13.25,17.25,0.6
13.25,17.75,0.8999999999999999
13.25,17.5,0.8999999999999999
13.25,17.25,0.8999999999999999
13.25,17.75,1.2
13.25,17.5,1.2
13.25,17.25,1.2
14.75,0.75,0.3
14.5,0.75,0.3
14.25,0.75,0.3
14.75,0.75,0.6
14.5,0.75,0.6
14.25,0.75,0.6
14.75,0.75,0.8999999999999999
14.5,0.75,0.8999999999999999
14.25,0.75,0.8999999999999999
14.75,0.75,1.2
14.5,0.75,1.2
14.25,0.75,1.2
14.75,1.25,0.3
14.75,1.5,0.3
14.75,1.75,0.3
14.75,1.25,0.6
14.75,1.5,0.6
14.75,1.75,0.6
14.75,1.25,0.8999999999999999
14.75,1.5,0.8999999999999999
14.75,1.75,0.8999999999999999
14.75,1.25,1.2
14.75,1.5,1.2
14.75,1.75,1.2
14.75,2.75,0.3
14.5,2.75,0.3
14.25,2.75,0.3
14.75,2.75,0.6
14.5,2.75,0.6
14.25,2.75,0.6
14.75,2.75,0.8999999999999999
14.5,2.75,0.8999999999999999
14.25,2.75,0.8999999999999999
14.75,2.75,1.2
14.5,2.75,1.2
14.25,2.75,1.2
14.25,3.25,0.3
14.5,3.25,0.3
14.75,3.25,0.3
14.25,3.25,0.6
14.5,3.25,0.6
14.75,3.25,0.6
14.25,3.25,0.8999999999999999
14.5,3.25,0.8999999999999999
14.75,3.25,0.8999999999999999
14.25,3.25,1.2
14.5,3.25,1.2
14.75,3.25,1.2
14.25,5.25,0.3
14.5,5.25,0.3
14.75,5.25,0.3
14.25,5.25,0.6
14.5,5.25,0.6
14.75,5.25,0.6
14.25,5.25,0.8999999999999999
14.5,5.25,0.8999999999999999
14.75,5.25,0.8999999999999999
14.25,5.25,1.2
14.5,5.25,1.2
14.75,5.25,1.2
14.75,11.75,0.3
14.5,11.75,0.3
14.25,11.75,0.3
14.75,11.75,0.6
14.5,11.75,0.6
14.25,11.75,0.6
14.75,11.75,0.8999999999999999
14.5,11.75,0.8999999999999999
14.25,11.75,0.8999999999999999
14.75,11.75,1.2
14.5,11.75,1.2
14.25,11.75,1.2
14.25,12.75,0.3
14.25,12.5,0.3
14.25,12.25,0.3
14.25,12.75,0.6
14.25,12.5,0.6
14.25,12.25,0.6
14.25,12.75,0.8999999999999999
14.25,12.5,0.8999999999999999
14.25,12.25,0.8999999999999999
14.25,12.75,1.2
14.25,12.5,1.2
14.25,12.25,1.2
14.75,14.75,0.3
14.5,14.75,0.3
14.25,14.75,0.3
14.75,14.75,0.6
14.5,14.75,0.6
14.25,14.75,0.6
14.75,14.75,0.8999999999999999
14.5,14.75,0.8999999999999999
14.25,14.75,0.8999999999999999
14.75,14.75,1.2
14.5,14.75,1.2
14.25,14.75,1.2
14.75,17.25,0.3
14.75,17.5,0.3
14.75,17.75,0.3
14.75,17.25,0.6
14.75,17.5,0.6
14.75,17.75,0.6
14.75,17.25,0.8999999999999999
14.75,17.5,0.8999999999999999
14.75,17.75,0.8999999999999999
14.75,17.25,1.2
14.75,17.5,1.2
14.75,17.75,1.2
14.25,18.75,0.3
14.25,18.5,0.3
14.25,18.25,0.3
14.25,18.75,0.6
14.25,18.5,0.6
14.25,18.25,0.6
14.25,18.75,0.8999999999999999
14.25,18.5,0.8999999999999999
14.25,18.25,0.8999999999999999
14.25,18.75,1.2
14.25,18.5,1.2
14.25,18.25,1.2
15.25,1.25,0.3
15.5,1.25,0.3
15.75,1.25,0.3
15.25,1.25,0.6
15.5,1.25,0.6
15.75,1.25,0.6
15.25,1.25,0.8999999999999999
15.5,1.25,0.8999999999999999
15.75,1.25,0.8999999999999999
15.25,1.25,1.2
15.5,1.25,1.2
15.75,1.25,1.2
15.75,6.75,0.3
15.5,6.75,0.3
15.25,6.75,0.3
15.75,6.75,0.6
15.5,6.75,0.6
15.25,6.75,0.6
15.75,6.75,0.8999999999999999
15.5,6.75,0.8999999999999999
15.25,6.75,0.8999999999999999
15.75,6.75,1.2
15.5,6.75,1.2
15.25,6.75,1.2
15.25,9.25,0.3
15.5,9.25,0.3
15.75,9.25,0.3
15.25,9.25,0.6
15.5,9.25,0.6
15.75,9.25,0.6
15.25,9.25,0.8999999999999999
15.5,9.25,0.8999999999999999
15.75,9.25,0.8999999999999999
15.25,9.25,1.2
15.5,9.25,1.2
15.75,9.25,1.2
15.25,12.75,0.3
15.25,12.5,0.3
15.25,12.25,0.3
15.25,12.75,0.6
15.25,12.5,0.6
15.25,12.25,0.6
15.25,12.75,0.8999999999999999
15.25,12.5,0.8999999999999999
15.25,12.25,0.8999999999999999
15.25,12.75,1.2
15.25,12.5,1.2
15.25,12.25,1.2
15.75,14.25,0.3
15.75,14.5,0.3
15.75,14.75,0.3
15.75,14.25,0.6
15.75,14.5,0.6
15.75,14.75,0.6
15.75,14.25,0.8999999999999999
15.75,14.5,0.8999999999999999
15.75,14.75,0.8999999999999999
15.75,14.25,1.2
15.75,14.5,1.2
15.75,14.75,1.2
15.75,19.75,0.3
15.5,19.75,0.3
15.25,19.75,0.3
15.75,19.75,0.6
15.5,19.75,0.6
15.25,19.75,0.6
15.75,19.75,0.8999999999999999
15.5,19.75,0.8999999999999999
15.25,19.75,0.8999999999999999
15.75,19.75,1.2
15.5,19.75,1.2
15.25,19.75,1.2
16.25,2.75,0.3
16.25,2.5,0.3
16.25,2.25,0.3
16.25,2.75,0.6
16.25,2.5,0.6
16.25,2.25,0.6
16.25,2.75,0.8999999999999999
16.25,2.5,0.8999999999999999
16.25,2.25,0.8999999999999999
16.25,2.75,1.2
16.25,2.5,1.2
16.25,2.25,1.2
16.25,3.75,0.3
16.25,3.5,0.3
16.25,3.25,0.3
16.25,3.75,0.6
16.25,3.5,0.6
16.25,3.25,0.6
16.25,3.75,0.8999999999999999
16.25,3.5,0.8999999999999999
16.25,3.25,0.8999999999999999
16.25,3.75,1.2
16.25,3.5,1.2
16.25,3.25,1.2
16.75,4.25,0.3
16.75,4.5,0.3
16.75,4.75,0.3
16.75,4.25,0.6
16.75,4.5,0.6
16.75,4.75,0.6
16.75,4.25,0.8999999999999999
16.75,4.5,0.8999999999999999
16.75,4.75,0.8999999999999999
16.75,4.25,1.2
16.75,4.5,1.2
16.75,4.75,1.2
16.75,6.75,0.3
16.5,6.75,0.3
16.25,6.75,0.3
16.75,6.75,0.6
16.5,6.75,0.6
16.25,6.75,0.6
16.75,6.75,0.8999999999999999
16.5,6.75,0.8999999999999999
16.25,6.75,0.8999999999999999
16.75,6.75,1.2
16.5,6.75,1.2
16.25,6.75,1.2
16.75,7.75,0.3
16.5,7.75,0.3
16.25,7.75,0.3
16.75,7.75,0.6
16.5,7.75,0.6
16.25,7.75,0.6
16.75,7.75,0.8999999999999999
16.5,7.75,0.8999999999999999
16.25,7.75,0.8999999999999999
16.75,7.75,1.2
16.5,7.75,1.2
16.25,7.75,1.2
16.75,9.25,0.3
16.75,9.5,0.3
16.75,9.75,0.3
16.75,9.25,0.6
16.75,9.5,0.6
16.75,9.75,0.6
16.75,9.25,0.8999999999999999
16.75,9.5,0.8999999999999999
16.75,9.75,0.8999999999999999
16.75,9.25,1.2
16.75,9.5,1.2
16.75,9.75,1.2
16.25,13.25,0.3
16.5,13.25,0.3
16.75,13.25,0.3
16.25,13.25,0.6
16.5,13.25,0.6
16.75,13.25,0.6
16.25,13.25,0.8999999999999999
16.5,13.25,0.8999999999999999
16.75,13.25,0.8999999999999999
16.25,13.25,1.2
16.5,13.25,1.2
16.75,13.25,1.2
16.75,16.25,0.3
16.75,16.5,0.3
16.75,16.75,0.3
16.75,16.25,0.6
16.75,16.5,0.6
16.75,16.75,0.6
16.75,16.25,0.8999999999999999
16.75,16.5,0.8999999999999999
16.75,16.75,0.8999999999999999
16.75,16.25,1.2
16.75,16.5,1.2
16.75,16.75,1.2
17.25,0.25,0.3
17.5,0.25,0.3
17.75,0.25,0.3
17.25,0.25,0.6
17.5,0.25,0.6
17.75,0.25,0.6
17.25,0.25,0.8999999999999999
17.5,0.25,0.8999999999999999
17.75,0.25,0.8999999999999999
17.25,0.25,1.2
17.5,0.25,1.2
17.75,0.25,1.2
17.25,5.25,0.3
17.5,5.25,0.3
17.75,5.25,0.3
17.25,5.25,0.6
17.5,5.25,0.6
17.75,5.25,0.6
17.25,5.25,0.8999999999999999
17.5,5.25,0.8999999999999999
17.75,5.25,0.8999999999999999
17.25,5.25,1.2
17.5,5.25,1.2
17.75,5.25,1.2
17.25,6.25,0.3
17.5,6.25,0.3
17.75,6.25,0.3
17.25,6.25,0.6
17.5,6.25,0.6
17.75,6.25,0.6
17.25,6.25,0.8999999999999999
17.5,6.25,0.8999999999999999
17.75,6.25,0.8999999999999999
17.25,6.25,1.2
17.5,6.25,1.2
17.75,6.25,1.2
17.75,7.25,0.3
17.75,7.5,0.3
17.75,7.75,0.3
17.75,7.25,0.6
17.75,7.5,0.6
17.75,7.75,0.6
17.75,7.25,0.8999999999999999
17.75,7.5,0.8999999999999999
17.75,7.75,0.8999999999999999
17.75,7.25,1.2
17.75,7.5,1.2
17.75,7.75,1.2
17.75,10.25,0.3
17.75,10.5,0.3
17.75,10.75,0.3
17.75,10.25,0.6
17.75,10.5,0.6
17.75,10.75,0.6
17.75,10.25,0.8999999999999999
17.75,10.5,0.8999999999999999
17.75,10.75,0.8999999999999999
17.75,10.25,1.2
17.75,10.5,1.2
17.75,10.75,1.2
17.75,12.75,0.3
17.5,12.75,0.3
17.25,12.75,0.3
17.75,12.75,0.6
17.5,12.75,0.6
17.25,12.75,0.6
17.75,12.75,0.8999999999999999
17.5,12.75,0.8999999999999999
17.25,12.75,0.8999999999999999
17.75,12.75,1.2
17.5,12.75,1.2
17.25,12.75,1.2
17.25,18.75,0.3
17.25,18.5,0.3
17.25,18.25,0.3
17.25,18.75,0.6
17.25,18.5,0.6
17.25,18.25,0.6
17.25,18.75,0.8999999999999999
17.25,18.5,0.8999999999999999
17.25,18.25,0.8999999999999999
17.25,18.75,1.2
17.25,18.5,1.2
17.25,18.25,1.2
17.25,19.75,0.3
17.25,19.5,0.3
17.25,19.25,0.3
17.25,19.75,0.6
17.25,19.5,0.6
17.25,19.25,0.6
17.25,19.75,0.8999999999999999
17.25,19.5,0.8999999999999999
17.25,19.25,0.8999999999999999
17.25,19.75,1.2
17.25,19.5,1.2
17.25,19.25,1.2
18.25,0.25,0.3
18.5,0.25,0.3
18.75,0.25,0.3
18.25,0.25,0.6
18.5,0.25,0.6
18.75,0.25,0.6
18.25,0.25,0.8999999999999999
18.5,0.25,0.8999999999999999
18.75,0.25,0.8999999999999999
18.25,0.25,1.2
18.5,0.25,1.2
18.75,0.25,1.2
18.75,1.75,0.3
18.5,1.75,0.3
18.25,1.75,0.3
18.75,1.75,0.6
18.5,1.75,0.6
18.25,1.75,0.6
18.75,1.75,0.8999999999999999
18.5,1.75,0.8999999999999999
18.25,1.75,0.8999999999999999
18.75,1.75,1.2
18.5,1.75,1.2
18.25,1.75,1.2
18.75,5.25,0.3
18.75,5.5,0.3
18.75,5.75,0.3
18.75,5.25,0.6
18.75,5.5,0.6
18.75,5.75,0.6
18.75,5.25,0.8999999999999999
18.75,5.5,0.8999999999999999
18.75,5.75,0.8999999999999999
18.75,5.25,1.2
18.75,5.5,1.2
18.75,5.75,1.2
18.25,8.75,0.3
18.25,8.5,0.3
18.25,8.25,0.3
18.25,8.75,0.6
18.25,8.5,0.6
18.25,8.25,0.6
18.25,8.75,0.8999999999999999
18.25,8.5,0.8999999999999999
18.25,8.25,0.8999999999999999
18.25,8.75,1.2
18.25,8.5,1.2
18.25,8.25,1.2
18.25,9.75,0.3
18.25,9.5,0.3
18.25,9.25,0.3
18.25,9.75,0.6
18.25,9.5,0.6
18.25,9.25,0.6
18.25,9.75,0.8999999999999999
18.25,9.5,0.8999999999999999
18.25,9.25,0.8999999999999999
18.25,9.75,1.2
18.25,9.5,1.2
18.25,9.25,1.2
18.75,11.25,0.3
18.75,11.5,0.3
18.75,11.75,0.3
18.75,11.25,0.6
18.75,11.5,0.6
18.75,11.75,0.6
18.75,11.25,0.8999999999999999
18.75,11.5,0.8999999999999999
18.75,11.75,0.8999999999999999
18.75,11.25,1.2
18.75,11.5,1.2
18.75,11.75,1.2
18.75,15.75,0.3
18.5,15.75,0.3
18.25,15.75,0.3
18.75,15.75,0.6
18.5,15.75,0.6
18.25,15.75,0.6
18.75,15.75,0.8999999999999999
18.5,15.75,0.8999999999999999
18.25,15.75,0.8999999999999999
18.75,15.75,1.2
18.5,15.75,1.2
18.25,15.75,1.2
18.75,19.75,0.3
18.5,19.75,0.3
18.25,19.75,0.3
18.75,19.75,0.6
18.5,19.75,0.6
18.25,19.75,0.6
18.75,19.75,0.8999999999999999
18.5,19.75,0.8999999999999999
18.25,19.75,0.8999999999999999
18.75,19.75,1.2
18.5,19.75,1.2
18.25,19.75,1.2
19.75,1.25,0.3
19.75,1.5,0.3
19.75,1.75,0.3
19.75,1.25,0.6
19.75,1.5,0.6
19.75,1.75,0.6
19.75,1.25,0.8999999999999999
19.75,1.5,0.8999999999999999
19.75,1.75,0.8999999999999999
19.75,1.25,1.2
19.75,1.5,1.2
19.75,1.75,1.2
19.75,2.75,0.3
19.5,2.75,0.3
19.25,2.75,0.3
19.75,2.75,0.6
19.5,2.75,0.6
19.25,2.75,0.6
19.75,2.75,0.8999999999999999
19.5,2.75,0.8999999999999999
19.25,2.75,0.8999999999999999
19.75,2.75,1.2
19.5,2.75,1.2
19.25,2.75,1.2
19.75,4.75,0.3
19.5,4.75,0.3
19.25,4.75,0.3
19.75,4.75,0.6
19.5,4.75,0.6
19.25,4.75,0.6
19.75,4.75,0.8999999999999999
19.5,4.75,0.8999999999999999
19.25,4.75,0.8999999999999999
19.75,4.75,1.2
19.5,4.75,1.2
19.25,4.75,1.2
19.75,16.25,0.3
19.75,16.5,0.3
19.75,16.75,0.3
19.75,16.25,0.6
19.75,16.5,0.6
19.75,16.75,0.6
19.75,16.25,0.8999999999999999
19.75,16.5,0.8999999999999999
19.75,16.75,0.8999999999999999
19.75,16.25,1.2
19.75,16.5,1.2
19.75,16.75,1.2
20.25,4.75,0.3
20.25,4.5,0.3
20.25,4.25,0.3
20.25,4.75,0.6
20.25,4.5,0.6
20.25,4.25,0.6
20.25,4.75,0.8999999999999999
20.25,4.5,0.8999999999999999
20.25,4.25,0.8999999999999999
20.25,4.75,1.2
20.25,4.5,1.2
20.25,4.25,1.2
20.25,7.75,0.3
20.25,7.5,0.3
20.25,7.25,0.3
20.25,7.75,0.6
20.25,7.5,0.6
20.25,7.25,0.6
20.25,7.75,0.8999999999999999
20.25,7.5,0.8999999999999999
20.25,7.25,0.8999999999999999
20.25,7.75,1.2
20.25,7.5,1.2
20.25,7.25,1.2
20.25,8.25,0.3
20.5,8.25,0.3
20.75,8.25,0.3
20.25,8.25,0.6
20.5,8.25,0.6
20.75,8.25,0.6
20.25,8.25,0.8999999999999999
20.5,8.25,0.8999999999999999
20.75,8.25,0.8999999999999999
20.25,8.25,1.2
20.5,8.25,1.2
20.75,8.25,1.2
20.25,10.75,0.3
20.25,10.5,0.3
20.25,10.25,0.3
20.25,10.75,0.6
20.25,10.5,0.6
20.25,10.25,0.6
20.25,10.75,0.8999999999999999
20.25,10.5,0.8999999999999999
20.25,10.25,0.8999999999999999
20.25,10.75,1.2
20.25,10.5,1.2
20.25,10.25,1.2
20.75,11.25,0.3
20.75,11.5,0.3
20.75,11.75,0.3
20.75,11.25,0.6
20.75,11.5,0.6
20.75,11.75,0.6
20.75,11.25,0.8999999999999999
20.75,11.5,0.8999999999999999
20.75,11.75,0.8999999999999999
20.75,11.25,1.2
20.75,11.5,1.2
20.75,11.75,1.2
20.25,16.25,0.3
20.5,16.25,0.3
20.75,16.25,0.3
20.25,16.25,0.6
20.5,16.25,0.6
20.75,16.25,0.6
20.25,16.25,0.8999999999999999
20.5,16.25,0.8999999999999999
20.75,16.25,0.8999999999999999
20.25,16.25,1.2
20.5,16.25,1.2
20.75,16.25,1.2
20.75,17.75,0.3
20.5,17.75,0.3
20.25,17.75,0.3
20.75,17.75,0.6
20.5,17.75,0.6
20.25,17.75,0.6
20.75,17.75,0.8999999999999999
20.5,17.75,0.8999999999999999
20.25,17.75,0.8999999999999999
20.75,17.75,1.2
20.5,17.75,1.2
20.25,17.75,1.2
20.25,18.25,0.3
20.5,18.25,0.3
20.75,18.25,0.3
20.25,18.25,0.6
20.5,18.25,0.6
20.75,18.25,0.6
20.25,18.25,0.8999999999999999
20.5,18.25,0.8999999999999999
20.75,18.25,0.8999999999999999
20.25,18.25,1.2
20.5,18.25,1.2
20.75,18.25,1.2
20.75,19.75,0.3
20.5,19.75,0.3
20.25,19.75,0.3
20.75,19.75,0.6
20.5,19.75,0.6
20.25,19.75,0.6
20.75,19.75,0.8999999999999999
20.5,19.75,0.8999999999999999
20.25,19.75,0.8999999999999999
20.75,19.75,1.2
20.5,19.75,1.2
20.25,19.75,1.2
21.75,1.75,0.3
21.5,1.75,0.3
21.25,1.75,0.3
21.75,1.75,0.6
21.5,1.75,0.6
21.25,1.75,0.6
21.75,1.75,0.8999999999999999
21.5,1.75,0.8999999999999999
21.25,1.75,0.8999999999999999
21.75,1.75,1.2
21.5,1.75,1.2
21.25,1.75,1.2
21.25,3.25,0.3
21.5,3.25,0.3
21.75,3.25,0.3
21.25,3.25,0.6
21.5,3.25,0.6
21.75,3.25,0.6
21.25,3.25,0.8999999999999999
21.5,3.25,0.8999999999999999
21.75,3.25,0.8999999999999999
21.25,3.25,1.2
21.5,3.25,1.2
21.75,3.25,1.2
21.25,9.75,0.3
21.25,9.5,0.3
21.25,9.25,0.3
21.25,9.75,0.6
21.25,9.5,0.6
21.25,9.25,0.6
21.25,9.75,0.8999999999999999
21.25,9.5,0.8999999999999999
21.25,9.25,0.8999999999999999
21.25,9.75,1.2
21.25,9.5,1.2
21.25,9.25,1.2
21.25,11.25,0.3
21.5,11.25,0.3
21.75,11.25,0.3
21.25,11.25,0.6
21.5,11.25,0.6
21.75,11.25,0.6
21.25,11.25,0.8999999999999999
21.5,11.25,0.8999999999999999
21.75,11.25,0.8999999999999999
21.25,11.25,1.2
21.5,11.25,1.2
21.75,11.25,1.2
21.75,12.75,0.3
21.5,12.75,0.3
21.25,12.75,0.3
21.75,12.75,0.6
21.5,12.75,0.6
21.25,12.75,0.6
21.75,12.75,0.8999999999999999
21.5,12.75,0.8999999999999999
21.25,12.75,0.8999999999999999
21.75,12.75,1.2
21.5,12.75,1.2
21.25,12.75,1.2
21.75,13.75,0.3
21.5,13.75,0.3
21.25,13.75,0.3
21.75,13.75,0.6
21.5,13.75,0.6
21.25,13.75,0.6
21.75,13.75,0.8999999999999999
21.5,13.75,0.8999999999999999
21.25,13.75,0.8999999999999999
21.75,13.75,1.2
21.5,13.75,1.2
21.25,13.75,1.2
21.25,16.25,0.3
21.5,16.25,0.3
21.75,16.25,0.3
21.25,16.25,0.6
21.5,16.25,0.6
21.75,16.25,0.6
21.25,16.25,0.8999999999999999
21.5,16.25,0.8999999999999999
21.75,16.25,0.8999999999999999
21.25,16.25,1.2
21.5,16.25,1.2
21.75,16.25,1.2
21.25,17.25,0.3
21.5,17.25,0.3
21.75,17.25,0.3
21.25,17.25,0.6
21.5,17.25,0.6
21.75,17.25,0.6
21.25,17.25,0.8999999999999999
21.5,17.25,0.8999999999999999
21.75,17.25,0.8999999999999999
21.25,17.25,1.2
21.5,17.25,1.2
21.75,17.25,1.2
21.75,18.75,0.3
21.5,18.75,0.3
21.25,18.75,0.3
21.75,18.75,0.6
21.5,18.75,0.6
21.25,18.75,0.6
21.75,18.75,0.8999999999999999
21.5,18.75,0.8999999999999999
21.25,18.75,0.8999999999999999
21.75,18.75,1.2
21.5,18.75,1.2
21.25,18.75,1.2
21.25,19.25,0.3
21.5,19.25,0.3
21.75,19.25,0.3
21.25,19.25,0.6
21.5,19.25,0.6
21.75,19.25,0.6
21.25,19.25,0.8999999999999999
21.5,19.25,0.8999999999999999
21.75,19.25,0.8999999999999999
21.25,19.25,1.2
21.5,19.25,1.2
21.75,19.25,1.2
22.75,0.75,0.3
22.5,0.75,0.3
22.25,0.75,0.3
22.75,0.75,0.6
22.5,0.75,0.6
22.25,0.75,0.6
22.75,0.75,0.8999999999999999
22.5,0.75,0.8999999999999999
22.25,0.75,0.8999999999999999
22.75,0.75,1.2
22.5,0.75,1.2
22.25,0.75,1.2
22.25,1.25,0.3
22.5,1.25,0.3
22.75,1.25,0.3
22.25,1.25,0.6
22.5,1.25,0.6
22.75,1.25,0.6
22.25,1.25,0.8999999999999999
22.5,1.25,0.8999999999999999
22.75,1.25,0.8999999999999999
22.25,1.25,1.2
22.5,1.25,1.2
22.75,1.25,1.2
22.75,7.75,0.3
22.5,7.75,0.3
22.25,7.75,0.3
22.75,7.75,0.6
22.5,7.75,0.6
22.25,7.75,0.6
22.75,7.75,0.8999999999999999
22.5,7.75,0.8999999999999999
22.25,7.75,0.8999999999999999
22.75,7.75,1.2
22.5,7.75,1.2
22.25,7.75,1.2
22.25,9.25,0.3
22.5,9.25,0.3
22.75,9.25,0.3
22.25,9.25,0.6
22.5,9.25,0.6
22.75,9.25,0.6
22.25,9.25,0.8999999999999999
22.5,9.25,0.8999999999999999
22.75,9.25,0.8999999999999999
22.25,9.25,1.2
22.5,9.25,1.2
22.75,9.25,1.2
22.25,10.25,0.3
22.5,10.25,0.3
22.75,10.25,0.3
22.25,10.25,0.6
22.5,10.25,0.6
22.75,10.25,0.6
22.25,10.25,0.8999999999999999
22.5,10.25,0.8999999999999999
22.75,10.25,0.8999999999999999
22.25,10.25,1.2
22.5,10.25,1.2
22.75,10.25,1.2
22.75,12.75,0.3
22.5,12.75,0.3
22.25,12.75,0.3
22.75,12.75,0.6
22.5,12.75,0.6
22.25,12.75,0.6
22.75,12.75,0.8999999999999999
22.5,12.75,0.8999999999999999
22.25,12.75,0.8999999999999999
22.75,12.75,1.2
22.5,12.75,1.2
22.25,12.75,1.2
22.75,14.25,0.3
22.75,14.5,0.3
22.75,14.75,0.3
22.75,14.25,0.6
22.75,14.5,0.6
22.75,14.75,0.6
22.75,14.25,0.8999999999999999
22.75,14.5,0.8999999999999999
22.75,14.75,0.8999999999999999
22.75,14.25,1.2
22.75,14.5,1.2
22.75,14.75,1.2
22.75,15.75,0.3
22.5,15.75,0.3
22.25,15.75,0.3
22.75,15.75,0.6
22.5,15.75,0.6
22.25,15.75,0.6
22.75,15.75,0.8999999999999999
22.5,15.75,0.8999999999999999
22.25,15.75,0.8999999999999999
22.75,15.75,1.2
22.5,15.75,1.2
22.25,15.75,1.2
22.25,17.75,0.3
22.25,17.5,0.3
22.25,17.25,0.3
22.25,17.75,0.6
22.25,17.5,0.6
22.25,17.25,0.6
22.25,17.75,0.8999999999999999
22.25,17.5,0.8999999999999999
22.25,17.25,0.8999999999999999
22.25,17.75,1.2
22.25,17.5,1.2
22.25,17.25,1.2
22.75,18.75,0.3
22.5,18.75,0.3
22.25,18.75,0.3
22.75,18.75,0.6
22.5,18.75,0.6
22.25,18.75,0.6
22.75,18.75,0.8999999999999999
22.5,18.75,0.8999999999999999
22.25,18.75,0.8999999999999999
22.75,18.75,1.2
22.5,18.75,1.2
22.25,18.75,1.2
22.25,19.25,0.3
22.5,19.25,0.3
22.75,19.25,0.3
22.25,19.25,0.6
22.5,19.25,0.6
22.75,19.25,0.6
22.25,19.25,0.8999999999999999
22.5,19.25,0.8999999999999999
22.75,19.25,0.8999999999999999
22.25,19.25,1.2
22.5,19.25,1.2
22.75,19.25,1.2
23.25,0.25,0.3
23.5,0.25,0.3
23.75,0.25,0.3
23.25,0.25,0.6
23.5,0.25,0.6
23.75,0.25,0.6
23.25,0.25,0.8999999999999999
23.5,0.25,0.8999999999999999
23.75,0.25,0.8999999999999999
23.25,0.25,1.2
23.5,0.25,1.2
23.75,0.25,1.2
23.25,1.25,0.3
23.5,1.25,0.3
23.75,1.25,0.3
23.25,1.25,0.6
23.5,1.25,0.6
23.75,1.25,0.6
23.25,1.25,0.8999999999999999
23.5,1.25,0.8999999999999999
23.75,1.25,0.8999999999999999
23.25,1.25,1.2
23.5,1.25,1.2
23.75,1.25,1.2
23.75,4.75,0.3
23.5,4.75,0.3
23.25,4.75,0.3
23.75,4.75,0.6
23.5,4.75,0.6
23.25,4.75,0.6
23.75,4.75,0.8999999999999999
23.5,4.75,0.8999999999999999
23.25,4.75,0.8999999999999999
23.75,4.75,1.2
23.5,4.75,1.2
23.25,4.75,1.2
23.75,5.75,0.3
23.5,5.75,0.3
23.25,5.75,0.3
23.75,5.75,0.6
23.5,5.75,0.6
23.25,5.75,0.6
23.75,5.75,0.8999999999999999
23.5,5.75,0.8999999999999999
23.25,5.75,0.8999999999999999
23.75,5.75,1.2
23.5,5.75,1.2
23.25,5.75,1.2
23.25,6.25,0.3
23.5,6.25,0.3
23.75,6.25,0.3
23.25,6.25,0.6
23.5,6.25,0.6
23.75,6.25,0.6
23.25,6.25,0.8999999999999999
23.5,6.25,0.8999999999999999
23.75,6.25,0.8999999999999999
23.25,6.25,1.2
23.5,6.25,1.2
23.75,6.25,1.2
23.75,7.75,0.3
23.5,7.75,0.3
23.25,7.75,0.3
23.75,7.75,0.6
23.5,7.75,0.6
23.25,7.75,0.6
23.75,7.75,0.8999999999999999
23.5,7.75,0.8999999999999999
23.25,7.75,0.8999999999999999
23.75,7.75,1.2
23.5,7.75,1.2
23.25,7.75,1.2
23.25,10.75,0.3
23.25,10.5,0.3
23.25,10.25,0.3
23.25,10.75,0.6
23.25,10.5,0.6
23.25,10.25,0.6
23.25,10.75,0.8999999999999999
23.25,10.5,0.8999999999999999
23.25,10.25,0.8999999999999999
23.25,10.75,1.2
23.25,10.5,1.2
23.25,10.25,1.2
23.75,13.75,0.3
23.5,13.75,0.3
23.25,13.75,0.3
23.75,13.75,0.6
23.5,13.75,0.6
23.25,13.75,0.6
23.75,13.75,0.8999999999999999
23.5,13.75,0.8999999999999999
23.25,13.75,0.8999999999999999
23.75,13.75,1.2
23.5,13.75,1.2
23.25,13.75,1.2
23.25,16.25,0.3
23.5,16.25,0.3
23.75,16.25,0.3
23.25,16.25,0.6
23.5,16.25,0.6
23.75,16.25,0.6
23.25,16.25,0.8999999999999999
23.5,16.25,0.8999999999999999
23.75,16.25,0.8999999999999999
23.25,16.25,1.2
23.5,16.25,1.2
23.75,16.25,1.2
23.25,18.75,0.3
23.25,18.5,0.3
23.25,18.25,0.3
23.25,18.75,0.6
23.25,18.5,0.6
23.25,18.25,0.6
23.25,18.75,0.8999999999999999
23.25,18.5,0.8999999999999999
23.25,18.25,0.8999999999999999
23.25,18.75,1.2
23.25,18.5,1.2
23.25,18.25,1.2
23.25,19.25,0.3
23.5,19.25,0.3
23.75,19.25,0.3
23.25,19.25,0.6
23.5,19.25,0.6
23.75,19.25,0.6
23.25,19.25,0.8999999999999999
23.5,19.25,0.8999999999999999
23.75,19.25,0.8999999999999999
23.25,19.25,1.2
23.5,19.25,1.2
23.75,19.25,1.2
24.25,0.25,0.3
24.5,0.25,0.3
24.75,0.25,0.3
24.25,0.25,0.6
24.5,0.25,0.6
24.75,0.25,0.6
24.25,0.25,0.8999999999999999
24.5,0.25,0.8999999999999999
24.75,0.25,0.8999999999999999
24.25,0.25,1.2
24.5,0.25,1.2
24.75,0.25,1.2
24.25,1.25,0.3
24.5,1.25,0.3
24.75,1.25,0.3
24.25,1.25,0.6
24.5,1.25,0.6
24.75,1.25,0.6
24.25,1.25,0.8999999999999999
24.5,1.25,0.8999999999999999
24.75,1.25,0.8999999999999999
24.25,1.25,1.2
24.5,1.25,1.2
24.75,1.25,1.2
24.25,2.25,0.3
24.5,2.25,0.3
24.75,2.25,0.3
24.25,2.25,0.6
24.5,2.25,0.6
24.75,2.25,0.6
24.25,2.25,0.8999999999999999
24.5,2.25,0.8999999999999999
24.75,2.25,0.8999999999999999
24.25,2.25,1.2
24.5,2.25,1.2
24.75,2.25,1.2
24.75,3.25,0.3
24.75,3.5,0.3
24.75,3.75,0.3
24.75,3.25,0.6
24.75,3.5,0.6
24.75,3.75,0.6
24.75,3.25,0.8999999999999999
24.75,3.5,0.8999999999999999
24.75,3.75,0.8999999999999999
24.75,3.25,1.2
24.75,3.5,1.2
24.75,3.75,1.2
24.25,5.75,0.3
24.25,5.5,0.3
24.25,5.25,0.3
24.25,5.75,0.6
24.25,5.5,0.6
24.25,5.25,0.6
24.25,5.75,0.8999999999999999
24.25,5.5,0.8999999999999999
24.25,5.25,0.8999999999999999
24.25,5.75,1.2
24.25,5.5,1.2
24.25,5.25,1.2
24.75,7.25,0.3
24.75,7.5,0.3
24.75,7.75,0.3
24.75,7.25,0.6
24.75,7.5,0.6
24.75,7.75,0.6
24.75,7.25,0.8999999999999999
24.75,7.5,0.8999999999999999
24.75,7.75,0.8999999999999999
24.75,7.25,1.2
24.75,7.5,1.2
24.75,7.75,1.2
24.25,8.75,0.3
24.25,8.5,0.3
24.25,8.25,0.3
24.25,8.75,0.6
24.25,8.5,0.6
24.25,8.25,0.6
24.25,8.75,0.8999999999999999
24.25,8.5,0.8999999999999999
24.25,8.25,0.8999999999999999
24.25,8.75,1.2
24.25,8.5,1.2
24.25,8.25,1.2
24.75,9.75,0.3
24.5,9.75,0.3
24.25,9.75,0.3
24.75,9.75,0.6
24.5,9.75,0.6
24.25,9.75,0.6
24.75,9.75,0.8999999999999999
24.5,9.75,0.8999999999999999
24.25,9.75,0.8999999999999999
24.75,9.75,1.2
24.5,9.75,1.2
24.25,9.75,1.2
24.25,10.75,0.3
24.25,10.5,0.3
24.25,10.25,0.3
24.25,10.75,0.6
24.25,10.5,0.6
24.25,10.25,0.6
24.25,10.75,0.8999999999999999
24.25,10.5,0.8999999999999999
24.25,10.25,0.8999999999999999
24.25,10.75,1.2
24.25,10.5,1.2
24.25,10.25,1.2
24.25,12.25,0.3
24.5,12.25,0.3
24.75,12.25,0.3
24.25,12.25,0.6
24.5,12.25,0.6
24.75,12.25,0.6
24.25,12.25,0.8999999999999999
24.5,12.25,0.8999999999999999
24.75,12.25,0.8999999999999999
24.25,12.25,1.2
24.5,12.25,1.2
24.75,12.25,1.2
24.25,15.25,0.3
24.5,15.25,0.3
24.75,15.25,0.3
24.25,15.25,0.6
24.5,15.25,0.6
24.75,15.25,0.6
24.25,15.25,0.8999999999999999
24.5,15.25,0.8999999999999999
24.75,15.25,0.8999999999999999
24.25,15.25,1.2
24.5,15.25,1.2
24.75,15.25,1.2
25.75,1.75,0.3
25.5,1.75,0.3
25.25,1.75,0.3
25.75,1.75,0.6
25.5,1.75,0.6
25.25,1.75,0.6
25.75,1.75,0.8999999999999999
25.5,1.75,0.8999999999999999
25.25,1.75,0.8999999999999999
25.75,1.75,1.2
25.5,1.75,1.2
25.25,1.75,1.2
25.75,3.75,0.3
25.5,3.75,0.3
25.25,3.75,0.3
25.75,3.75,0.6
25.5,3.75,0.6
25.25,3.75,0.6
25.75,3.75,0.8999999999999999
25.5,3.75,0.8999999999999999
25.25,3.75,0.8999999999999999
25.75,3.75,1.2
25.5,3.75,1.2
25.25,3.75,1.2
25.25,6.75,0.3
25.25,6.5,0.3
25.25,6.25,0.3
25.25,6.75,0.6
25.25,6.5,0.6
25.25,6.25,0.6
25.25,6.75,0.8999999999999999
25.25,6.5,0.8999999999999999
25.25,6.25,0.8999999999999999
25.25,6.75,1.2
25.25,6.5,1.2
25.25,6.25,1.2
25.75,7.25,0.3
25.75,7.5,0.3
25.75,7.75,0.3
25.75,7.25,0.6
25.75,7.5,0.6
25.75,7.75,0.6
25.75,7.25,0.8999999999999999
25.75,7.5,0.8999999999999999
25.75,7.75,0.8999999999999999
25.75,7.25,1.2
25.75,7.5,1.2
25.75,7.75,1.2
25.25,8.75,0.3
25.25,8.5,0.3
25.25,8.25,0.3
25.25,8.75,0.6
25.25,8.5,0.6
25.25,8.25,0.6
25.25,8.75,0.8999999999999999
25.25,8.5,0.8999999999999999
25.25,8.25,0.8999999999999999
25.25,8.75,1.2
25.25,8.5,1.2
25.25,8.25,1.2
25.75,9.75,0.3
25.5,9.75,0.3
25.25,9.75,0.3
25.75,9.75,0.6
25.5,9.75,0.6
25.25,9.75,0.6
25.75,9.75,0.8999999999999999
25.5,9.75,0.8999999999999999
25.25,9.75,0.8999999999999999
25.75,9.75,1.2
25.5,9.75,1.2
25.25,9.75,1.2
25.25,10.75,0.3
25.25,10.5,0.3
25.25,10.25,0.3
25.25,10.75,0.6
25.25,10.5,0.6
25.25,10.25,0.6
25.25,10.75,0.8999999999999999
25.25,10.5,0.8999999999999999
25.25,10.25,0.8999999999999999
25.25,10.75,1.2
25.25,10.5,1.2
25.25,10.25,1.2
25.25,13.25,0.3
25.5,13.25,0.3
25.75,13.25,0.3
25.25,13.25,0.6
25.5,13.25,0.6
25.75,13.25,0.6
25.25,13.25,0.8999999999999999
25.5,13.25,0.8999999999999999
25.75,13.25,0.8999999999999999
25.25,13.25,1.2
25.5,13.25,1.2
25.75,13.25,1.2
25.25,17.75,0.3
25.25,17.5,0.3
25.25,17.25,0.3
25.25,17.75,0.6
25.25,17.5,0.6
25.25,17.25,0.6
25.25,17.75,0.8999999999999999
25.25,17.5,0.8999999999999999
25.25,17.25,0.8999999999999999
25.25,17.75,1.2
25.25,17.5,1.2
25.25,17.25,1.2
25.25,19.25,0.3
25.5,19.25,0.3
25.75,19.25,0.3
25.25,19.25,0.6
25.5,19.25,0.6
25.75,19.25,0.6
25.25,19.25,0.8999999999999999
25.5,19.25,0.8999999999999999
25.75,19.25,0.8999999999999999
25.25,19.25,1.2
25.5,19.25,1.2
25.75,19.25,1.2
26.75,0.75,0.3
26.5,0.75,0.3
26.25,0.75,0.3
26.75,0.75,0.6
26.5,0.75,0.6
26.25,0.75,0.6
26.75,0.75,0.8999999999999999
26.5,0.75,0.8999999999999999
26.25,0.75,0.8999999999999999
26.75,0.75,1.2
26.5,0.75,1.2
26.25,0.75,1.2
26.25,1.25,0.3
26.5,1.25,0.3
26.75,1.25,0.3
26.25,1.25,0.6
26.5,1.25,0.6
26.75,1.25,0.6
26.25,1.25,0.8999999999999999
26.5,1.25,0.8999999999999999
26.75,1.25,0.8999999999999999
26.25,1.25,1.2
26.5,1.25,1.2
26.75,1.25,1.2
26.25,2.75,0.3
26.25,2.5,0.3
26.25,2.25,0.3
26.25,2.75,0.6
26.25,2.5,0.6
26.25,2.25,0.6
26.25,2.75,0.8999999999999999
26.25,2.5,0.8999999999999999
26.25,2.25,0.8999999999999999
26.25,2.75,1.2
26.25,2.5,1.2
26.25,2.25,1.2
26.75,8.75,0.3
26.5,8.75,0.3
26.25,8.75,0.3
26.75,8.75,0.6
26.5,8.75,0.6
26.25,8.75,0.6
26.75,8.75,0.8999999999999999
26.5,8.75,0.8999999999999999
26.25,8.75,0.8999999999999999
26.75,8.75,1.2
26.5,8.75,1.2
26.25,8.75,1.2
26.25,13.75,0.3
26.25,13.5,0.3
26.25,13.25,0.3
26.25,13.75,0.6
26.25,13.5,0.6
26.25,13.25,0.6
26.25,13.75,0.8999999999999999
26.25,13.5,0.8999999999999999
26.25,13.25,0.8999999999999999
26.25,13.75,1.2
26.25,13.5,1.2
26.25,13.25,1.2
26.75,16.75,0.3
26.5,16.75,0.3
26.25,16.75,0.3
26.75,16.75,0.6
26.5,16.75,0.6
26.25,16.75,0.6
26.75,16.75,0.8999999999999999
26.5,16.75,0.8999999999999999
26.25,16.75,0.8999999999999999
26.75,16.75,1.2
26.5,16.75,1.2
26.25,16.75,1.2
26.25,17.75,0.3
26.25,17.5,0.3
26.25,17.25,0.3
26.25,17.75,0.6
26.25,17.5,0.6
26.25,17.25,0.6
26.25,17.75,0.8999999999999999
26.25,17.5,0.8999999999999999
26.25,17.25,0.8999999999999999
26.25,17.75,1.2
26.25,17.5,1.2
26.25,17.25,1.2
26.25,18.75,0.3
26.25,18.5,0.3
26.25,18.25,0.3
26.25,18.75,0.6
26.25,18.5,0.6
26.25,18.25,0.6
26.25,18.75,0.8999999999999999
26.25,18.5,0.8999999999999999
26.25,18.25,0.8999999999999999
26.25,18.75,1.2
26.25,18.5,1.2
26.25,18.25,1.2
27.75,0.75,0.3
27.5,0.75,0.3
27.25,0.75,0.3
27.75,0.75,0.6
27.5,0.75,0.6
27.25,0.75,0.6
27.75,0.75,0.8999999999999999
27.5,0.75,0.8999999999999999
27.25,0.75,0.8999999999999999
27.75,0.75,1.2
27.5,0.75,1.2
27.25,0.75,1.2
27.75,2.75,0.3
27.5,2.75,0.3
27.25,2.75,0.3
27.75,2.75,0.6
27.5,2.75,0.6
27.25,2.75,0.6
27.75,2.75,0.8999999999999999
27.5,2.75,0.8999999999999999
27.25,2.75,0.8999999999999999
27.75,2.75,1.2
27.5,2.75,1.2
27.25,2.75,1.2
27.75,3.25,0.3
27.75,3.5,0.3
27.75,3.75,0.3
27.75,3.25,0.6
27.75,3.5,0.6
27.75,3.75,0.6
27.75,3.25,0.8999999999999999
27.75,3.5,0.8999999999999999
27.75,3.75,0.8999999999999999
27.75,3.25,1.2
27.75,3.5,1.2
27.75,3.75,1.2
27.25,8.75,0.3
27.25,8.5,0.3
27.25,8.25,0.3
27.25,8.75,0.6
27.25,8.5,0.6
27.25,8.25,0.6
27.25,8.75,0.8999999999999999
27.25,8.5,0.8999999999999999
27.25,8.25,0.8999999999999999
27.25,8.75,1.2
27.25,8.5,1.2
27.25,8.25,1.2
27.25,11.25,0.3
27.5,11.25,0.3
27.75,11.25,0.3
27.25,11.25,0.6
27.5,11.25,0.6
27.75,11.25,0.6
27.25,11.25,0.8999999999999999
27.5,11.25,0.8999999999999999
27.75,11.25,0.8999999999999999
27.25,11.25,1.2
27.5,11.25,1.2
27.75,11.25,1.2
27.25,13.75,0.3
27.25,13.5,0.3
27.25,13.25,0.3
27.25,13.75,0.6
27.25,13.5,0.6
27.25,13.25,0.6
27.25,13.75,0.8999999999999999
27.25,13.5,0.8999999999999999
27.25,13.25,0.8999999999999999
27.25,13.75,1.2
27.25,13.5,1.2
27.25,13.25,1.2
27.25,14.25,0.3
27.5,14.25,0.3
27.75,14.25,0.3
27.25,14.25,0.6
27.5,14.25,0.6
27.75,14.25,0.6
27.25,14.25,0.8999999999999999
27.5,14.25,0.8999999999999999
27.75,14.25,0.8999999999999999
27.25,14.25,1.2
27.5,14.25,1.2
27.75,14.25,1.2
27.25,15.25,0.3
27.5,15.25,0.3
27.75,15.25,0.3
27.25,15.25,0.6
27.5,15.25,0.6
27.75,15.25,0.6
27.25,15.25,0.8999999999999999
27.5,15.25,0.8999999999999999
27.75,15.25,0.8999999999999999
27.25,15.25,1.2
27.5,15.25,1.2
27.75,15.25,1.2
27.25,16.75,0.3
27.25,16.5,0.3
27.25,16.25,0.3
27.25,16.75,0.6
27.25,16.5,0.6
27.25,16.25,0.6
27.25,16.75,0.8999999999999999
27.25,16.5,0.8999999999999999
27.25,16.25,0.8999999999999999
27.25,16.75,1.2
27.25,16.5,1.2
27.25,16.25,1.2
27.75,17.25,0.3
27.75,17.5,0.3
27.75,17.75,0.3
27.75,17.25,0.6
27.75,17.5,0.6
27.75,17.75,0.6
27.75,17.25,0.8999999999999999
27.75,17.5,0.8999999999999999
27.75,17.75,0.8999999999999999
27.75,17.25,1.2
27.75,17.5,1.2
27.75,17.75,1.2
27.75,18.25,0.3
27.75,18.5,0.3
27.75,18.75,0.3
27.75,18.25,0.6
27.75,18.5,0.6
27.75,18.75,0.6
27.75,18.25,0.8999999999999999
27.75,18.5,0.8999999999999999
27.75,18.75,0.8999999999999999
27.75,18.25,1.2
27.75,18.5,1.2
27.75,18.75,1.2
27.75,19.25,0.3
27.75,19.5,0.3
27.75,19.75,0.3
27.75,19.25,0.6
27.75,19.5,0.6
27.75,19.75,0.6
27.75,19.25,0.8999999999999999
27.75,19.5,0.8999999999999999
27.75,19.75,0.8999999999999999
27.75,19.25,1.2
27.75,19.5,1.2
27.75,19.75,1.2
28.75,0.25,0.3
28.75,0.5,0.3
28.75,0.75,0.3
28.75,0.25,0.6
28.75,0.5,0.6
28.75,0.75,0.6
28.75,0.25,0.8999999999999999
28.75,0.5,0.8999999999999999
28.75,0.75,0.8999999999999999
28.75,0.25,1.2
28.75,0.5,1.2
28.75,0.75,1.2
28.75,1.25,0.3
28.75,1.5,0.3
28.75,1.75,0.3
28.75,1.25,0.6
28.75,1.5,0.6
28.75,1.75,0.6
28.75,1.25,0.8999999999999999
28.75,1.5,0.8999999999999999
28.75,1.75,0.8999999999999999
28.75,1.25,1.2
28.75,1.5,1.2
28.75,1.75,1.2
28.25,10.75,0.3
28.25,10.5,0.3
28.25,10.25,0.3
28.25,10.75,0.6
28.25,10.5,0.6
28.25,10.25,0.6
28.25,10.75,0.8999999999999999
28.25,10.5,0.8999999999999999
28.25,10.25,0.8999999999999999
28.25,10.75,1.2
28.25,10.5,1.2
28.25,10.25,1.2
29.75,1.75,0.3
29.5,1.75,0.3
29.25,1.75,0.3
29.75,1.75,0.6
29.5,1.75,0.6
29.25,1.75,0.6
29.75,1.75,0.8999999999999999
29.5,1.75,0.8999999999999999
29.25,1.75,0.8999999999999999
29.75,1.75,1.2
29.5,1.75,1.2
29.25,1.75,1.2
29.25,4.75,0.3
29.25,4.5,0.3
29.25,4.25,0.3
29.25,4.75,0.6
29.25,4.5,0.6
29.25,4.25,0.6
29.25,4.75,0.8999999999999999
29.25,4.5,0.8999999999999999
29.25,4.25,0.8999999999999999
29.25,4.75,1.2
29.25,4.5,1.2
29.25,4.25,1.2
29.25,5.25,0.3
29.5,5.25,0.3
29.75,5.25,0.3
29.25,5.25,0.6
29.5,5.25,0.6
29.75,5.25,0.6
29.25,5.25,0.8999999999999999
29.5,5.25,0.8999999999999999
29.75,5.25,0.8999999999999999
29.25,5.25,1.2
29.5,5.25,1.2
29.75,5.25,1.2
29.25,6.25,0.3
29.5,6.25,0.3
29.75,6.25,0.3
29.25,6.25,0.6
29.5,6.25,0.6
29.75,6.25,0.6
29.25,6.25,0.8999999999999999
29.5,6.25,0.8999999999999999
29.75,6.25,0.8999999999999999
29.25,6.25,1.2
29.5,6.25,1.2
29.75,6.25,1.2
29.75,14.75,0.3
29.5,14.75,0.3
29.25,14.75,0.3
29.75,14.75,0.6
29.5,14.75,0.6
29.25,14.75,0.6
29.75,14.75,0.8999999999999999
29.5,14.75,0.8999999999999999
29.25,14.75,0.8999999999999999
29.75,14.75,1.2
29.5,14.75,1.2
29.25,14.75,1.2
30.25,2.25,0.3
30.5,2.25,0.3
30.75,2.25,0.3
30.25,2.25,0.6
30.5,2.25,0.6
30.75,2.25,0.6
30.25,2.25,0.8999999999999999
30.5,2.25,0.8999999999999999
30.75,2.25,0.8999999999999999
30.25,2.25,1.2
30.5,2.25,1.2
30.75,2.25,1.2
30.25,3.25,0.3
30.5,3.25,0.3
30.75,3.25,0.3
30.25,3.25,0.6
30.5,3.25,0.6
30.75,3.25,0.6
30.25,3.25,0.8999999999999999
30.5,3.25,0.8999999999999999
30.75,3.25,0.8999999999999999
30.25,3.25,1.2
30.5,3.25,1.2
30.75,3.25,1.2
30.75,7.75,0.3
30.5,7.75,0.3
30.25,7.75,0.3
30.75,7.75,0.6
30.5,7.75,0.6
30.25,7.75,0.6
30.75,7.75,0.8999999999999999
30.5,7.75,0.8999999999999999
30.25,7.75,0.8999999999999999
30.75,7.75,1.2
30.5,7.75,1.2
30.25,7.75,1.2
30.25,8.75,0.3
30.25,8.5,0.3
30.25,8.25,0.3
30.25,8.75,0.6
30.25,8.5,0.6
30.25,8.25,0.6
30.25,8.75,0.8999999999999999
30.25,8.5,0.8999999999999999
30.25,8.25,0.8999999999999999
30.25,8.75,1.2
30.25,8.5,1.2
30.25,8.25,1.2
30.25,10.25,0.3
30.5,10.25,0.3
30.75,10.25,0.3
30.25,10.25,0.6
30.5,10.25,0.6
30.75,10.25,0.6
30.25,10.25,0.8999999999999999
30.5,10.25,0.8999999999999999
30.75,10.25,0.8999999999999999
30.25,10.25,1.2
30.5,10.25,1.2
30.75,10.25,1.2
30.75,11.25,0.3
30.75,11.5,0.3
30.75,11.75,0.3
30.75,11.25,0.6
30.75,11.5,0.6
30.75,11.75,0.6
30.75,11.25,0.8999999999999999
30.75,11.5,0.8999999999999999
30.75,11.75,0.8999999999999999
30.75,11.25,1.2
30.75,11.5,1.2
30.75,11.75,1.2
30.75,13.25,0.3
30.75,13.5,0.3
30.75,13.75,0.3
30.75,13.25,0.6
30.75,13.5,0.6
30.75,13.75,0.6
30.75,13.25,0.8999999999999999
30.75,13.5,0.8999999999999999
30.75,13.75,0.8999999999999999
30.75,13.25,1.2
30.75,13.5,1.2
30.75,13.75,1.2
30.25,18.25,0.3
30.5,18.25,0.3
30.75,18.25,0.3
30.25,18.25,0.6
30.5,18.25,0.6
30.75,18.25,0.6
30.25,18.25,0.8999999999999999
30.5,18.25,0.8999999999999999
30.75,18.25,0.8999999999999999
30.25,18.25,1.2
30.5,18.25,1.2
30.75,18.25,1.2
31.75,1.75,0.3
31.5,1.75,0.3
31.25,1.75,0.3
31.75,1.75,0.6
31.5,1.75,0.6
31.25,1.75,0.6
31.75,1.75,0.8999999999999999
31.5,1.75,0.8999999999999999
31.25,1.75,0.8999999999999999
31.75,1.75,1.2
31.5,1.75,1.2
31.25,1.75,1.2
31.75,4.75,0.3
31.5,4.75,0.3
31.25,4.75,0.3
31.75,4.75,0.6
31.5,4.75,0.6
31.25,4.75,0.6
31.75,4.75,0.8999999999999999
31.5,4.75,0.8999999999999999
31.25,4.75,0.8999999999999999
31.75,4.75,1.2
31.5,4.75,1.2
31.25,4.75,1.2
31.75,5.25,0.3
31.75,5.5,0.3
31.75,5.75,0.3
31.75,5.25,0.6
31.75,5.5,0.6
31.75,5.75,0.6
31.75,5.25,0.8999999999999999
31.75,5.5,0.8999999999999999
31.75,5.75,0.8999999999999999
31.75,5.25,1.2
31.75,5.5,1.2
31.75,5.75,1.2
31.25,10.25,0.3
31.5,10.25,0.3
31.75,10.25,0.3
31.25,10.25,0.6
31.5,10.25,0.6
31.75,10.25,0.6
31.25,10.25,0.8999999999999999
31.5,10.25,0.8999999999999999
31.75,10.25,0.8999999999999999
31.25,10.25,1.2
31.5,10.25,1.2
31.75,10.25,1.2
31.75,11.25,0.3
31.75,11.5,0.3
31.75,11.75,0.3
31.75,11.25,0.6
31.75,11.5,0.6
31.75,11.75,0.6
31.75,11.25,0.8999999999999999
31.75,11.5,0.8999999999999999
31.75,11.75,0.8999999999999999
31.75,11.25,1.2
31.75,11.5,1.2
31.75,11.75,1.2
31.75,13.25,0.3
31.75,13.5,0.3
31.75,13.75,0.3
31.75,13.25,0.6
31.75,13.5,0.6
31.75,13.75,0.6
31.75,13.25,0.8999999999999999
31.75,13.5,0.8999999999999999
31.75,13.75,0.8999999999999999
31.75,13.25,1.2
31.75,13.5,1.2
31.75,13.75,1.2
31.25,15.25,0.3
31.5,15.25,0.3
31.75,15.25,0.3
31.25,15.25,0.6
31.5,15.25,0.6
31.75,15.25,0.6
31.25,15.25,0.8999999999999999
31.5,15.25,0.8999999999999999
31.75,15.25,0.8999999999999999
31.25,15.25,1.2
31.5,15.25,1.2
31.75,15.25,1.2
31.75,16.75,0.3
31.5,16.75,0.3
31.25,16.75,0.3
31.75,16.75,0.6
31.5,16.75,0.6
31.25,16.75,0.6
31.75,16.75,0.8999999999999999
31.5,16.75,0.8999999999999999
31.25,16.75,0.8999999999999999
31.75,16.75,1.2
31.5,16.75,1.2
31.25,16.75,1.2
32.25,0.75,0.3
32.25,0.5,0.3
32.25,0.25,0.3
32.25,0.75,0.6
32.25,0.5,0.6
32.25,0.25,0.6
32.25,0.75,0.8999999999999999
32.25,0.5,0.8999999999999999
32.25,0.25,0.8999999999999999
32.25,0.75,1.2
32.25,0.5,1.2
32.25,0.25,1.2
32.25,2.75,0.3
32.25,2.5,0.3
32.25,2.25,0.3
32.25,2.75,0.6
32.25,2.5,0.6
32.25,2.25,0.6
32.25,2.75,0.8999999999999999
32.25,2.5,0.8999999999999999
32.25,2.25,0.8999999999999999
32.25,2.75,1.2
32.25,2.5,1.2
32.25,2.25,1.2
32.75,4.25,0.3
32.75,4.5,0.3
32.75,4.75,0.3
32.75,4.25,0.6
32.75,4.5,0.6
32.75,4.75,0.6
32.75,4.25,0.8999999999999999
32.75,4.5,0.8999999999999999
32.75,4.75,0.8999999999999999
32.75,4.25,1.2
32.75,4.5,1.2
32.75,4.75,1.2
32.75,6.25,0.3
32.75,6.5,0.3
32.75,6.75,0.3
32.75,6.25,0.6
32.75,6.5,0.6
32.75,6.75,0.6
32.75,6.25,0.8999999999999999
32.75,6.5,0.8999999999999999
32.75,6.75,0.8999999999999999
32.75,6.25,1.2
32.75,6.5,1.2
32.75,6.75,1.2
32.25,9.25,0.3
32.5,9.25,0.3
32.75,9.25,0.3
32.25,9.25,0.6
32.5,9.25,0.6
32.75,9.25,0.6
32.25,9.25,0.8999999999999999
32.5,9.25,0.8999999999999999
32.75,9.25,0.8999999999999999
32.25,9.25,1.2
32.5,9.25,1.2
32.75,9.25,1.2
32.75,12.25,0.3
32.75,12.5,0.3
32.75,12.75,0.3
32.75,12.25,0.6
32.75,12.5,0.6
32.75,12.75,0.6
32.75,12.25,0.8999999999999999
32.75,12.5,0.8999999999999999
32.75,12.75,0.8999999999999999
32.75,12.25,1.2
32.75,12.5,1.2
32.75,12.75,1.2
32.75,13.75,0.3
32.5,13.75,0.3
32.25,13.75,0.3
32.75,13.75,0.6
32.5,13.75,0.6
32.25,13.75,0.6
32.75,13.75,0.8999999999999999
32.5,13.75,0.8999999999999999
32.25,13.75,0.8999999999999999
32.75,13.75,1.2
32.5,13.75,1.2
32.25,13.75,1.2
32.75,14.25,0.3
32.75,14.5,0.3
32.75,14.75,0.3
32.75,14.25,0.6
32.75,14.5,0.6
32.75,14.75,0.6
32.75,14.25,0.8999999999999999
32.75,14.5,0.8999999999999999
32.75,14.75,0.8999999999999999
32.75,14.25,1.2
32.75,14.5,1.2
32.75,14.75,1.2
32.75,16.25,0.3
32.75,16.5,0.3
32.75,16.75,0.3
32.75,16.25,0.6
32.75,16.5,0.6
32.75,16.75,0.6
32.75,16.25,0.8999999999999999
32.75,16.5,0.8999999999999999
32.75,16.75,0.8999999999999999
32.75,16.25,1.2
32.75,16.5,1.2
32.75,16.75,1.2
33.75,0.25,0.3
33.75,0.5,0.3
33.75,0.75,0.3
33.75,0.25,0.6
33.75,0.5,0.6
33.75,0.75,0.6
33.75,0.25,0.8999999999999999
33.75,0.5,0.8999999999999999
33.75,0.75,0.8999999999999999
33.75,0.25,1.2
33.75,0.5,1.2
33.75,0.75,1.2
33.75,2.75,0.3
33.5,2.75,0.3
33.25,2.75,0.3
33.75,2.75,0.6
33.5,2.75,0.6
33.25,2.75,0.6
33.75,2.75,0.8999999999999999
33.5,2.75,0.8999999999999999
33.25,2.75,0.8999999999999999
33.75,2.75,1.2
33.5,2.75,1.2
33.25,2.75,1.2
33.75,3.75,0.3
33.5,3.75,0.3
33.25,3.75,0.3
33.75,3.75,0.6
33.5,3.75,0.6
33.25,3.75,0.6
33.75,3.75,0.8999999999999999
33.5,3.75,0.8999999999999999
33.25,3.75,0.8999999999999999
33.75,3.75,1.2
33.5,3.75,1.2
33.25,3.75,1.2
33.25,8.25,0.3
33.5,8.25,0.3
33.75,8.25,0.3
33.25,8.25,0.6
33.5,8.25,0.6
33.75,8.25,0.6
33.25,8.25,0.8999999999999999
33.5,8.25,0.8999999999999999
33.75,8.25,0.8999999999999999
33.25,8.25,1.2
33.5,8.25,1.2
33.75,8.25,1.2
33.25,10.25,0.3
33.5,10.25,0.3
33.75,10.25,0.3
33.25,10.25,0.6
33.5,10.25,0.6
33.75,10.25,0.6
33.25,10.25,0.8999999999999999
33.5,10.25,0.8999999999999999
33.75,10.25,0.8999999999999999
33.25,10.25,1.2
33.5,10.25,1.2
33.75,10.25,1.2
33.75,11.75,0.3
33.5,11.75,0.3
33.25,11.75,0.3
33.75,11.75,0.6
33.5,11.75,0.6
33.25,11.75,0.6
33.75,11.75,0.8999999999999999
33.5,11.75,0.8999999999999999
33.25,11.75,0.8999999999999999
33.75,11.75,1.2
33.5,11.75,1.2
33.25,11.75,1.2
33.25,12.75,0.3
33.25,12.5,0.3
33.25,12.25,0.3
33.25,12.75,0.6
33.25,12.5,0.6
33.25,12.25,0.6
33.25,12.75,0.8999999999999999
33.25,12.5,0.8999999999999999
33.25,12.25,0.8999999999999999
33.25,12.75,1.2
33.25,12.5,1.2
33.25,12.25,1.2
33.75,17.25,0.3
33.75,17.5,0.3
33.75,17.75,0.3
33.75,17.25,0.6
33.75,17.5,0.6
33.75,17.75,0.6
33.75,17.25,0.8999999999999999
33.75,17.5,0.8999999999999999
33.75,17.75,0.8999999999999999
33.75,17.25,1.2
33.75,17.5,1.2
33.75,17.75,1.2
33.25,19.75,0.3
33.25,19.5,0.3
33.25,19.25,0.3
33.25,19.75,0.6
33.25,19.5,0.6
33.25,19.25,0.6
33.25,19.75,0.8999999999999999
33.25,19.5,0.8999999999999999
33.25,19.25,0.8999999999999999
33.25,19.75,1.2
33.25,19.5,1.2
33.25,19.25,1.2
34.75,2.75,0.3
34.5,2.75,0.3
34.25,2.75,0.3
34.75,2.75,0.6
34.5,2.75,0.6
34.25,2.75,0.6
34.75,2.75,0.8999999999999999
34.5,2.75,0.8999999999999999
34.25,2.75,0.8999999999999999
34.75,2.75,1.2
34.5,2.75,1.2
34.25,2.75,1.2
34.25,8.75,0.3
34.25,8.5,0.3
34.25,8.25,0.3
34.25,8.75,0.6
34.25,8.5,0.6
34.25,8.25,0.6
34.25,8.75,0.8999999999999999
34.25,8.5,0.8999999999999999
34.25,8.25,0.8999999999999999
34.25,8.75,1.2
34.25,8.5,1.2
34.25,8.25,1.2
34.25,9.75,0.3
34.25,9.5,0.3
34.25,9.25,0.3
34.25,9.75,0.6
34.25,9.5,0.6
34.25,9.25,0.6
34.25,9.75,0.8999999999999999
34.25,9.5,0.8999999999999999
34.25,9.25,0.8999999999999999
34.25,9.75,1.2
34.25,9.5,1.2
34.25,9.25,1.2
34.25,10.25,0.3
34.5,10.25,0.3
34.75,10.25,0.3
34.25,10.25,0.6
34.5,10.25,0.6
34.75,10.25,0.6
34.25,10.25,0.8999999999999999
34.5,10.25,0.8999999999999999
34.75,10.25,0.8999999999999999
34.25,10.25,1.2
34.5,10.25,1.2
34.75,10.25,1.2
34.75,11.25,0.3
34.75,11.5,0.3
34.75,11.75,0.3
34.75,11.25,0.6
34.75,11.5,0.6
34.75,11.75,0.6
34.75,11.25,0.8999999999999999
34.75,11.5,0.8999999999999999
34.75,11.75,0.8999999999999999
34.75,11.25,1.2
34.75,11.5,1.2
34.75,11.75,1.2
34.25,14.75,0.3
34.25,14.5,0.3
34.25,14.25,0.3
34.25,14.75,0.6
34.25,14.5,0.6
34.25,14.25,0.6
34.25,14.75,0.8999999999999999
34.25,14.5,0.8999999999999999
34.25,14.25,0.8999999999999999
34.25,14.75,1.2
34.25,14.5,1.2
34.25,14.25,1.2
34.75,17.75,0.3
34.5,17.75,0.3
34.25,17.75,0.3
34.75,17.75,0.6
34.5,17.75,0.6
34.25,17.75,0.6
34.75,17.75,0.8999999999999999
34.5,17.75,0.8999999999999999
34.25,17.75,0.8999999999999999
34.75,17.75,1.2
34.5,17.75,1.2
34.25,17.75,1.2
34.25,19.25,0.3
34.5,19.25,0.3
34.75,19.25,0.3
34.25,19.25,0.6
34.5,19.25,0.6
34.75,19.25,0.6
34.25,19.25,0.8999999999999999
34.5,19.25,0.8999999999999999
34.75,19.25,0.8999999999999999
34.25,19.25,1.2
34.5,19.25,1.2
34.75,19.25,1.2
35.75,0.25,0.3
35.75,0.5,0.3
35.75,0.75,0.3
35.75,0.25,0.6
35.75,0.5,0.6
35.75,0.75,0.6
35.75,0.25,0.8999999999999999
35.75,0.5,0.8999999999999999
35.75,0.75,0.8999999999999999
35.75,0.25,1.2
35.75,0.5,1.2
35.75,0.75,1.2
35.25,2.25,0.3
35.5,2.25,0.3
35.75,2.25,0.3
35.25,2.25,0.6
35.5,2.25,0.6
35.75,2.25,0.6
35.25,2.25,0.8999999999999999
35.5,2.25,0.8999999999999999
35.75,2.25,0.8999999999999999
35.25,2.25,1.2
35.5,2.25,1.2
35.75,2.25,1.2
35.25,4.75,0.3
35.25,4.5,0.3
35.25,4.25,0.3
35.25,4.75,0.6
35.25,4.5,0.6
35.25,4.25,0.6
35.25,4.75,0.8999999999999999
35.25,4.5,0.8999999999999999
35.25,4.25,0.8999999999999999
35.25,4.75,1.2
35.25,4.5,1.2
35.25,4.25,1.2
35.25,5.75,0.3
35.25,5.5,0.3
35.25,5.25,0.3
35.25,5.75,0.6
35.25,5.5,0.6
35.25,5.25,0.6
35.25,5.75,0.8999999999999999
35.25,5.5,0.8999999999999999
35.25,5.25,0.8999999999999999
35.25,5.75,1.2
35.25,5.5,1.2
35.25,5.25,1.2
35.25,6.25,0.3
35.5,6.25,0.3
35.75,6.25,0.3
35.25,6.25,0.6
35.5,6.25,0.6
35.75,6.25,0.6
35.25,6.25,0.8999999999999999
35.5,6.25,0.8999999999999999
35.75,6.25,0.8999999999999999
35.25,6.25,1.2
35.5,6.25,1.2
35.75,6.25,1.2
35.75,10.25,0.3
35.75,10.5,0.3
35.75,10.75,0.3
35.75,10.25,0.6
35.75,10.5,0.6
35.75,10.75,0.6
35.75,10.25,0.8999999999999999
35.75,10.5,0.8999999999999999
35.75,10.75,0.8999999999999999
35.75,10.25,1.2
35.75,10.5,1.2
35.75,10.75,1.2
35.25,11.25,0.3
35.5,11.25,0.3
35.75,11.25,0.3
35.25,11.25,0.6
35.5,11.25,0.6
35.75,11.25,0.6
35.25,11.25,0.8999999999999999
35.5,11.25,0.8999999999999999
35.75,11.25,0.8999999999999999
35.25,11.25,1.2
35.5,11.25,1.2
35.75,11.25,1.2
35.75,15.75,0.3
35.5,15.75,0.3
35.25,15.75,0.3
35.75,15.75,0.6
35.5,15.75,0.6
35.25,15.75,0.6
35.75,15.75,0.8999999999999999
35.5,15.75,0.8999999999999999
35.25,15.75,0.8999999999999999
35.75,15.75,1.2
35.5,15.75,1.2
35.25,15.75,1.2
35.75,16.25,0.3
35.75,16.5,0.3
35.75,16.75,0.3
35.75,16.25,0.6
35.75,16.5,0.6
35.75,16.75,0.6
35.75,16.25,0.8999999999999999
35.75,16.5,0.8999999999999999
35.75,16.75,0.8999999999999999
35.75,16.25,1.2
35.75,16.5,1.2
35.75,16.75,1.2
35.25,17.75,0.3
35.25,17.5,0.3
35.25,17.25,0.3
35.25,17.75,0.6
35.25,17.5,0.6
35.25,17.25,0.6
35.25,17.75,0.8999999999999999
35.25,17.5,0.8999999999999999
35.25,17.25,0.8999999999999999
35.25,17.75,1.2
35.25,17.5,1.2
35.25,17.25,1.2
35.75,19.75,0.3
35.5,19.75,0.3
35.25,19.75,0.3
35.75,19.75,0.6
35.5,19.75,0.6
35.25,19.75,0.6
35.75,19.75,0.8999999999999999
35.5,19.75,0.8999999999999999
35.25,19.75,0.8999999999999999
35.75,19.75,1.2
35.5,19.75,1.2
35.25,19.75,1.2
36.25,2.25,0.3
36.5,2.25,0.3
36.75,2.25,0.3
36.25,2.25,0.6
36.5,2.25,0.6
36.75,2.25,0.6
36.25,2.25,0.8999999999999999
36.5,2.25,0.8999999999999999
36.75,2.25,0.8999999999999999
36.25,2.25,1.2
36.5,2.25,1.2
36.75,2.25,1.2
36.25,4.75,0.3
36.25,4.5,0.3
36.25,4.25,0.3
36.25,4.75,0.6
36.25,4.5,0.6
36.25,4.25,0.6
36.25,4.75,0.8999999999999999
36.25,4.5,0.8999999999999999
36.25,4.25,0.8999999999999999
36.25,4.75,1.2
36.25,4.5,1.2
36.25,4.25,1.2
36.25,11.25,0.3
36.5,11.25,0.3
36.75,11.25,0.3
36.25,11.25,0.6
36.5,11.25,0.6
36.75,11.25,0.6
36.25,11.25,0.8999999999999999
36.5,11.25,0.8999999999999999
36.75,11.25,0.8999999999999999
36.25,11.25,1.2
36.5,11.25,1.2
36.75,11.25,1.2
36.25,16.75,0.3
36.25,16.5,0.3
36.25,16.25,0.3
36.25,16.75,0.6
36.25,16.5,0.6
36.25,16.25,0.6
36.25,16.75,0.8999999999999999
36.25,16.5,0.8999999999999999
36.25,16.25,0.8999999999999999
36.25,16.75,1.2
36.25,16.5,1.2
36.25,16.25,1.2
37.25,0.75,0.3
37.25,0.5,0.3
37.25,0.25,0.3
37.25,0.75,0.6
37.25,0.5,0.6
37.25,0.25,0.6
37.25,0.75,0.8999999999999999
37.25,0.5,0.8999999999999999
37.25,0.25,0.8999999999999999
37.25,0.75,1.2
37.25,0.5,1.2
37.25,0.25,1.2
37.75,2.25,0.3
37.75,2.5,0.3
37.75,2.75,0.3
37.75,2.25,0.6
37.75,2.5,0.6
37.75,2.75,0.6
37.75,2.25,0.8999999999999999
37.75,2.5,0.8999999999999999
37.75,2.75,0.8999999999999999
37.75,2.25,1.2
37.75,2.5,1.2
37.75,2.75,1.2
37.25,3.25,0.3
37.5,3.25,0.3
37.75,3.25,0.3
37.25,3.25,0.6
37.5,3.25,0.6
37.75,3.25,0.6
37.25,3.25,0.8999999999999999
37.5,3.25,0.8999999999999999
37.75,3.25,0.8999999999999999
37.25,3.25,1.2
37.5,3.25,1.2
37.75,3.25,1.2
37.25,6.75,0.3
37.25,6.5,0.3
37.25,6.25,0.3
37.25,6.75,0.6
37.25,6.5,0.6
37.25,6.25,0.6
37.25,6.75,0.8999999999999999
37.25,6.5,0.8999999999999999
37.25,6.25,0.8999999999999999
37.25,6.75,1.2
37.25,6.5,1.2
37.25,6.25,1.2
37.75,17.25,0.3
37.75,17.5,0.3
37.75,17.75,0.3
37.75,17.25,0.6
37.75,17.5,0.6
37.75,17.75,0.6
37.75,17.25,0.8999999999999999
37.75,17.5,0.8999999999999999
37.75,17.75,0.8999999999999999
37.75,17.25,1.2
37.75,17.5,1.2
37.75,17.75,1.2
38.25,5.25,0.3
38.5,5.25,0.3
38.75,5.25,0.3
38.25,5.25,0.6
38.5,5.25,0.6
38.75,5.25,0.6
38.25,5.25,0.8999999999999999
38.5,5.25,0.8999999999999999
38.75,5.25,0.8999999999999999
38.25,5.25,1.2
38.5,5.25,1.2
38.75,5.25,1.2
38.75,8.75,0.3
38.5,8.75,0.3
38.25,8.75,0.3
38.75,8.75,0.6
38.5,8.75,0.6
38.25,8.75,0.6
38.75,8.75,0.8999999999999999
38.5,8.75,0.8999999999999999
38.25,8.75,0.8999999999999999
38.75,8.75,1.2
38.5,8.75,1.2
38.25,8.75,1.2
38.25,9.25,0.3
38.5,9.25,0.3
38.75,9.25,0.3
38.25,9.25,0.6
38.5,9.25,0.6
38.75,9.25,0.6
38.25,9.25,0.8999999999999999
38.5,9.25,0.8999999999999999
38.75,9.25,0.8999999999999999
38.25,9.25,1.2
38.5,9.25,1.2
38.75,9.25,1.2
38.25,12.75,0.3
38.25,12.5,0.3
38.25,12.25,0.3
38.25,12.75,0.6
38.25,12.5,0.6
38.25,12.25,0.6
38.25,12.75,0.8999999999999999
38.25,12.5,0.8999999999999999
38.25,12.25,0.8999999999999999
38.25,12.75,1.2
38.25,12.5,1.2
38.25,12.25,1.2
38.25,13.75,0.3
38.25,13.5,0.3
38.25,13.25,0.3
38.25,13.75,0.6
38.25,13.5,0.6
38.25,13.25,0.6
38.25,13.75,0.8999999999999999
38.25,13.5,0.8999999999999999
38.25,13.25,0.8999999999999999
38.25,13.75,1.2
38.25,13.5,1.2
38.25,13.25,1.2
38.25,15.25,0.3
38.5,15.25,0.3
38.75,15.25,0.3
38.25,15.25,0.6
38.5,15.25,0.6
38.75,15.25,0.6
38.25,15.25,0.8999999999999999
38.5,15.25,0.8999999999999999
38.75,15.25,0.8999999999999999
38.25,15.25,1.2
38.5,15.25,1.2
38.75,15.25,1.2
38.75,16.75,0.3
38.5,16.75,0.3
38.25,16.75,0.3
38.75,16.75,0.6
38.5,16.75,0.6
38.25,16.75,0.6
38.75,16.75,0.8999999999999999
38.5,16.75,0.8999999999999999
38.25,16.75,0.8999999999999999
38.75,16.75,1.2
38.5,16.75,1.2
38.25,16.75,1.2
38.25,17.75,0.3
38.25,17.5,0.3
38.25,17.25,0.3
38.25,17.75,0.6
38.25,17.5,0.6
38.25,17.25,0.6
38.25,17.75,0.8999999999999999
38.25,17.5,0.8999999999999999
38.25,17.25,0.8999999999999999
38.25,17.75,1.2
38.25,17.5,1.2
38.25,17.25,1.2
38.25,19.75,0.3
38.25,19.5,0.3
38.25,19.25,0.3
38.25,19.75,0.6
38.25,19.5,0.6
38.25,19.25,0.6
38.25,19.75,0.8999999999999999
38.25,19.5,0.8999999999999999
38.25,19.25,0.8999999999999999
38.25,19.75,1.2
38.25,19.5,1.2
38.25,19.25,1.2
39.75,2.25,0.3
39.75,2.5,0.3
39.75,2.75,0.3
39.75,2.25,0.6
39.75,2.5,0.6
39.75,2.75,0.6
39.75,2.25,0.8999999999999999
39.75,2.5,0.8999999999999999
39.75,2.75,0.8999999999999999
39.75,2.25,1.2
39.75,2.5,1.2
39.75,2.75,1.2
39.75,7.25,0.3
39.75,7.5,0.3
39.75,7.75,0.3
39.75,7.25,0.6
39.75,7.5,0.6
39.75,7.75,0.6
39.75,7.25,0.8999999999999999
39.75,7.5,0.8999999999999999
39.75,7.75,0.8999999999999999
39.75,7.25,1.2
39.75,7.5,1.2
39.75,7.75,1.2
39.75,9.75,0.3
39.5,9.75,0.3
39.25,9.75,0.3
39.75,9.75,0.6
39.5,9.75,0.6
39.25,9.75,0.6
39.75,9.75,0.8999999999999999
39.5,9.75,0.8999999999999999
39.25,9.75,0.8999999999999999
39.75,9.75,1.2
39.5,9.75,1.2
39.25,9.75,1.2
39.75,16.75,0.3
39.5,16.75,0.3
39.25,16.75,0.3
39.75,16.75,0.6
39.5,16.75,0.6
39.25,16.75,0.6
39.75,16.75,0.8999999999999999
39.5,16.75,0.8999999999999999
39.25,16.75,0.8999999999999999
39.75,16.75,1.2
39.5,16.75,1.2
39.25,16.75,1.2
39.25,18.75,0.3
39.25,18.5,0.3
39.25,18.25,0.3
39.25,18.75,0.6
39.25,18.5,0.6
39.25,18.25,0.6
39.25,18.75,0.8999999999999999
39.25,18.5,0.8999999999999999
39.25,18.25,0.8999999999999999
39.25,18.75,1.2
39.25,18.5,1.2
39.25,18.25,1.2
40.25,1.75,0.3
40.25,1.5,0.3
40.25,1.25,0.3
40.25,1.75,0.6
40.25,1.5,0.6
40.25,1.25,0.6
40.25,1.75,0.8999999999999999
40.25,1.5,0.8999999999999999
40.25,1.25,0.8999999999999999
40.25,1.75,1.2
40.25,1.5,1.2
40.25,1.25,1.2
40.25,7.25,0.3
40.5,7.25,0.3
40.75,7.25,0.3
40.25,7.25,0.6
40.5,7.25,0.6
40.75,7.25,0.6
40.25,7.25,0.8999999999999999
40.5,7.25,0.8999999999999999
40.75,7.25,0.8999999999999999
40.25,7.25,1.2
40.5,7.25,1.2
40.75,7.25,1.2
40.75,9.25,0.3
40.75,9.5,0.3
40.75,9.75,0.3
40.75,9.25,0.6
40.75,9.5,0.6
40.75,9.75,0.6
40.75,9.25,0.8999999999999999
40.75,9.5,0.8999999999999999
40.75,9.75,0.8999999999999999
40.75,9.25,1.2
40.75,9.5,1.2
40.75,9.75,1.2
40.75,12.25,0.3
40.75,12.5,0.3
40.75,12.75,0.3
40.75,12.25,0.6
40.75,12.5,0.6
40.75,12.75,0.6
40.75,12.25,0.8999999999999999
40.75,12.5,0.8999999999999999
40.75,12.75,0.8999999999999999
40.75,12.25,1.2
40.75,12.5,1.2
40.75,12.75,1.2
40.75,13.75,0.3
40.5,13.75,0.3
40.25,13.75,0.3
40.75,13.75,0.6
40.5,13.75,0.6
40.25,13.75,0.6
40.75,13.75,0.8999999999999999
40.5,13.75,0.8999999999999999
40.25,13.75,0.8999999999999999
40.75,13.75,1.2
40.5,13.75,1.2
40.25,13.75,1.2
40.75,19.75,0.3
40.5,19.75,0.3
40.25,19.75,0.3
40.75,19.75,0.6
40.5,19.75,0.6
40.25,19.75,0.6
40.75,19.75,0.8999999999999999
40.5,19.75,0.8999999999999999
40.25,19.75,0.8999999999999999
40.75,19.75,1.2
40.5,19.75,1.2
40.25,19.75,1.2
41.25,0.25,0.3
41.5,0.25,0.3
41.75,0.25,0.3
41.25,0.25,0.6
41.5,0.25,0.6
41.75,0.25,0.6
41.25,0.25,0.8999999999999999
41.5,0.25,0.8999999999999999
41.75,0.25,0.8999999999999999
41.25,0.25,1.2
41.5,0.25,1.2
41.75,0.25,1.2
41.75,2.25,0.3
41.75,2.5,0.3
41.75,2.75,0.3
41.75,2.25,0.6
41.75,2.5,0.6
41.75,2.75,0.6
41.75,2.25,0.8999999999999999
41.75,2.5,0.8999999999999999
41.75,2.75,0.8999999999999999
41.75,2.25,1.2
41.75,2.5,1.2
41.75,2.75,1.2
41.25,3.25,0.3
41.5,3.25,0.3
41.75,3.25,0.3
41.25,3.25,0.6
41.5,3.25,0.6
41.75,3.25,0.6
41.25,3.25,0.8999999999999999
41.5,3.25,0.8999999999999999
41.75,3.25,0.8999999999999999
41.25,3.25,1.2
41.5,3.25,1.2
41.75,3.25,1.2
41.25,4.25,0.3
41.5,4.25,0.3
41.75,4.25,0.3
41.25,4.25,0.6
41.5,4.25,0.6
41.75,4.25,0.6
41.25,4.25,0.8999999999999999
41.5,4.25,0.8999999999999999
41.75,4.25,0.8999999999999999
41.25,4.25,1.2
41.5,4.25,1.2
41.75,4.25,1.2
41.25,7.75,0.3
41.25,7.5,0.3
41.25,7.25,0.3
41.25,7.75,0.6
41.25,7.5,0.6
41.25,7.25,0.6
41.25,7.75,0.8999999999999999
41.25,7.5,0.8999999999999999
41.25,7.25,0.8999999999999999
41.25,7.75,1.2
41.25,7.5,1.2
41.25,7.25,1.2
41.75,9.25,0.3
41.75,9.5,0.3
41.75,9.75,0.3
41.75,9.25,0.6
41.75,9.5,0.6
41.75,9.75,0.6
41.75,9.25,0.8999999999999999
41.75,9.5,0.8999999999999999
41.75,9.75,0.8999999999999999
41.75,9.25,1.2
41.75,9.5,1.2
41.75,9.75,1.2
41.75,19.25,0.3
41.75,19.5,0.3
41.75,19.75,0.3
41.75,19.25,0.6
41.75,19.5,0.6
41.75,19.75,0.6
41.75,19.25,0.8999999999999999
41.75,19.5,0.8999999999999999
41.75,19.75,0.8999999999999999
41.75,19.25,1.2
41.75,19.5,1.2
41.75,19.75,1.2
42.75,0.25,0.3
42.75,0.5,0.3
42.75,0.75,0.3
42.75,0.25,0.6
42.75,0.5,0.6
42.75,0.75,0.6
42.75,0.25,0.8999999999999999
42.75,0.5,0.8999999999999999
42.75,0.75,0.8999999999999999
42.75,0.25,1.2
42.75,0.5,1.2
42.75,0.75,1.2
42.75,1.75,0.3
42.5,1.75,0.3
42.25,1.75,0.3
42.75,1.75,0.6
42.5,1.75,0.6
42.25,1.75,0.6
42.75,1.75,0.8999999999999999
42.5,1.75,0.8999999999999999
42.25,1.75,0.8999999999999999
42.75,1.75,1.2
42.5,1.75,1.2
42.25,1.75,1.2
42.75,4.75,0.3
42.5,4.75,0.3
42.25,4.75,0.3
42.75,4.75,0.6
42.5,4.75,0.6
42.25,4.75,0.6
42.75,4.75,0.8999999999999999
42.5,4.75,0.8999999999999999
42.25,4.75,0.8999999999999999
42.75,4.75,1.2
42.5,4.75,1.2
42.25,4.75,1.2
42.75,8.75,0.3
42.5,8.75,0.3
42.25,8.75,0.3
42.75,8.75,0.6
42.5,8.75,0.6
42.25,8.75,0.6
42.75,8.75,0.8999999999999999
42.5,8.75,0.8999999999999999
42.25,8.75,0.8999999999999999
42.75,8.75,1.2
42.5,8.75,1.2
42.25,8.75,1.2
42.25,12.75,0.3
42.25,12.5,0.3
42.25,12.25,0.3
42.25,12.75,0.6
42.25,12.5,0.6
42.25,12.25,0.6
42.25,12.75,0.8999999999999999
42.25,12.5,0.8999999999999999
42.25,12.25,0.8999999999999999
42.25,12.75,1.2
42.25,12.5,1.2
42.25,12.25,1.2
42.75,16.75,0.3
42.5,16.75,0.3
42.25,16.75,0.3
42.75,16.75,0.6
42.5,16.75,0.6
42.25,16.75,0.6
42.75,16.75,0.8999999999999999
42.5,16.75,0.8999999999999999
42.25,16.75,0.8999999999999999
42.75,16.75,1.2
42.5,16.75,1.2
42.25,16.75,1.2
42.25,17.75,0.3
42.25,17.5,0.3
42.25,17.25,0.3
42.25,17.75,0.6
42.25,17.5,0.6
42.25,17.25,0.6
42.25,17.75,0.8999999999999999
42.25,17.5,0.8999999999999999
42.25,17.25,0.8999999999999999
42.25,17.75,1.2
42.25,17.5,1.2
42.25,17.25,1.2
42.75,19.75,0.3
42.5,19.75,0.3
42.25,19.75,0.3
42.75,19.75,0.6
42.5,19.75,0.6
42.25,19.75,0.6
42.75,19.75,0.8999999999999999
42.5,19.75,0.8999999999999999
42.25,19.75,0.8999999999999999
42.75,19.75,1.2
42.5,19.75,1.2
42.25,19.75,1.2
43.25,4.25,0.3
43.5,4.25,0.3
43.75,4.25,0.3
43.25,4.25,0.6
43.5,4.25,0.6
43.75,4.25,0.6
43.25,4.25,0.8999999999999999
43.5,4.25,0.8999999999999999
43.75,4.25,0.8999999999999999
43.25,4.25,1.2
43.5,4.25,1.2
43.75,4.25,1.2
43.75,6.75,0.3
43.5,6.75,0.3
43.25,6.75,0.3
43.75,6.75,0.6
43.5,6.75,0.6
43.25,6.75,0.6
43.75,6.75,0.8999999999999999
43.5,6.75,0.8999999999999999
43.25,6.75,0.8999999999999999
43.75,6.75,1.2
43.5,6.75,1.2
43.25,6.75,1.2
43.25,7.75,0.3
43.25,7.5,0.3
43.25,7.25,0.3
43.25,7.75,0.6
43.25,7.5,0.6
43.25,7.25,0.6
43.25,7.75,0.8999999999999999
43.25,7.5,0.8999999999999999
43.25,7.25,0.8999999999999999
43.25,7.75,1.2
43.25,7.5,1.2
43.25,7.25,1.2
43.75,10.75,0.3
43.5,10.75,0.3
43.25,10.75,0.3
43.75,10.75,0.6
43.5,10.75,0.6
43.25,10.75,0.6
43.75,10.75,0.8999999999999999
43.5,10.75,0.8999999999999999
43.25,10.75,0.8999999999999999
43.75,10.75,1.2
43.5,10.75,1.2
43.25,10.75,1.2
43.75,13.25,0.3
43.75,13.5,0.3
43.75,13.75,0.3
43.75,13.25,0.6
43.75,13.5,0.6
43.75,13.75,0.6
43.75,13.25,0.8999999999999999
43.75,13.5,0.8999999999999999
43.75,13.75,0.8999999999999999
43.75,13.25,1.2
43.75,13.5,1.2
43.75,13.75,1.2
43.25,16.75,0.3
43.25,16.5,0.3
43.25,16.25,0.3
43.25,16.75,0.6
43.25,16.5,0.6
43.25,16.25,0.6
43.25,16.75,0.8999999999999999
43.25,16.5,0.8999999999999999
43.25,16.25,0.8999999999999999
43.25,16.75,1.2
43.25,16.5,1.2
43.25,16.25,1.2
43.75,19.25,0.3
43.75,19.5,0.3
43.75,19.75,0.3
43.75,19.25,0.6
43.75,19.5,0.6
43.75,19.75,0.6
43.75,19.25,0.8999999999999999
43.75,19.5,0.8999999999999999
43.75,19.75,0.8999999999999999
43.75,19.25,1.2
43.75,19.5,1.2
43.75,19.75,1.2
44.25,0.75,0.3
44.25,0.5,0.3
44.25,0.25,0.3
44.25,0.75,0.6
44.25,0.5,0.6
44.25,0.25,0.6
44.25,0.75,0.8999999999999999
44.25,0.5,0.8999999999999999
44.25,0.25,0.8999999999999999
44.25,0.75,1.2
44.25,0.5,1.2
44.25,0.25,1.2
44.25,4.75,0.3
44.25,4.5,0.3
44.25,4.25,0.3
44.25,4.75,0.6
44.25,4.5,0.6
44.25,4.25,0.6
44.25,4.75,0.8999999999999999
44.25,4.5,0.8999999999999999
44.25,4.25,0.8999999999999999
44.25,4.75,1.2
44.25,4.5,1.2
44.25,4.25,1.2
44.25,5.25,0.3
44.5,5.25,0.3
44.75,5.25,0.3
44.25,5.25,0.6
44.5,5.25,0.6
44.75,5.25,0.6
44.25,5.25,0.8999999999999999
44.5,5.25,0.8999999999999999
44.75,5.25,0.8999999999999999
44.25,5.25,1.2
44.5,5.25,1.2
44.75,5.25,1.2
44.25,7.75,0.3
44.25,7.5,0.3
44.25,7.25,0.3
44.25,7.75,0.6
44.25,7.5,0.6
44.25,7.25,0.6
44.25,7.75,0.8999999999999999
44.25,7.5,0.8999999999999999
44.25,7.25,0.8999999999999999
44.25,7.75,1.2
44.25,7.5,1.2
44.25,7.25,1.2
44.25,8.75,0.3
44.25,8.5,0.3
44.25,8.25,0.3
44.25,8.75,0.6
44.25,8.5,0.6
44.25,8.25,0.6
44.25,8.75,0.8999999999999999
44.25,8.5,0.8999999999999999
44.25,8.25,0.8999999999999999
44.25,8.75,1.2
44.25,8.5,1.2
44.25,8.25,1.2
44.25,9.75,0.3
44.25,9.5,0.3
44.25,9.25,0.3
44.25,9.75,0.6
44.25,9.5,0.6
44.25,9.25,0.6
44.25,9.75,0.8999999999999999
44.25,9.5,0.8999999999999999
44.25,9.25,0.8999999999999999
44.25,9.75,1.2
44.25,9.5,1.2
44.25,9.25,1.2
44.25,12.75,0.3
44.25,12.5,0.3
44.25,12.25,0.3
44.25,12.75,0.6
44.25,12.5,0.6
44.25,12.25,0.6
44.25,12.75,0.8999999999999999
44.25,12.5,0.8999999999999999
44.25,12.25,0.8999999999999999
44.25,12.75,1.2
44.25,12.5,1.2
44.25,12.25,1.2
44.25,16.25,0.3
44.5,16.25,0.3
44.75,16.25,0.3
44.25,16.25,0.6
44.5,16.25,0.6
44.75,16.25,0.6
44.25,16.25,0.8999999999999999
44.5,16.25,0.8999999999999999
44.75,16.25,0.8999999999999999
44.25,16.25,1.2
44.5,16.25,1.2
44.75,16.25,1.2
44.25,17.25,0.3
44.5,17.25,0.3
44.75,17.25,0.3
44.25,17.25,0.6
44.5,17.25,0.6
44.75,17.25,0.6
44.25,17.25,0.8999999999999999
44.5,17.25,0.8999999999999999
44.75,17.25,0.8999999999999999
44.25,17.25,1.2
44.5,17.25,1.2
44.75,17.25,1.2
45.75,1.75,0.3
45.5,1.75,0.3
45.25,1.75,0.3
45.75,1.75,0.6
45.5,1.75,0.6
45.25,1.75,0.6
45.75,1.75,0.8999999999999999
45.5,1.75,0.8999999999999999
45.25,1.75,0.8999999999999999
45.75,1.75,1.2
45.5,1.75,1.2
45.25,1.75,1.2
45.75,3.25,0.3
45.75,3.5,0.3
45.75,3.75,0.3
45.75,3.25,0.6
45.75,3.5,0.6
45.75,3.75,0.6
45.75,3.25,0.8999999999999999
45.75,3.5,0.8999999999999999
45.75,3.75,0.8999999999999999
45.75,3.25,1.2
45.75,3.5,1.2
45.75,3.75,1.2
45.25,9.75,0.3
45.25,9.5,0.3
45.25,9.25,0.3
45.25,9.75,0.6
45.25,9.5,0.6
45.25,9.25,0.6
45.25,9.75,0.8999999999999999
45.25,9.5,0.8999999999999999
45.25,9.25,0.8999999999999999
45.25,9.75,1.2
45.25,9.5,1.2
45.25,9.25,1.2
45.25,10.25,0.3
45.5,10.25,0.3
45.75,10.25,0.3
45.25,10.25,0.6
45.5,10.25,0.6
45.75,10.25,0.6
45.25,10.25,0.8999999999999999
45.5,10.25,0.8999999999999999
45.75,10.25,0.8999999999999999
45.25,10.25,1.2
45.5,10.25,1.2
45.75,10.25,1.2
45.25,12.25,0.3
45.5,12.25,0.3
45.75,12.25,0.3
45.25,12.25,0.6
45.5,12.25,0.6
45.75,12.25,0.6
45.25,12.25,0.8999999999999999
45.5,12.25,0.8999999999999999
45.75,12.25,0.8999999999999999
45.25,12.25,1.2
45.5,12.25,1.2
45.75,12.25,1.2
45.75,15.75,0.3
45.5,15.75,0.3
45.25,15.75,0.3
45.75,15.75,0.6
45.5,15.75,0.6
45.25,15.75,0.6
45.75,15.75,0.8999999999999999
45.5,15.75,0.8999999999999999
45.25,15.75,0.8999999999999999
45.75,15.75,1.2
45.5,15.75,1.2
45.25,15.75,1.2
46.75,2.75,0.3
46.5,2.75,0.3
46.25,2.75,0.3
46.75,2.75,0.6
46.5,2.75,0.6
46.25,2.75,0.6
46.75,2.75,0.8999999999999999
46.5,2.75,0.8999999999999999
46.25,2.75,0.8999999999999999
46.75,2.75,1.2
46.5,2.75,1.2
46.25,2.75,1.2
46.75,6.75,0.3
46.5,6.75,0.3
46.25,6.75,0.3
46.75,6.75,0.6
46.5,6.75,0.6
46.25,6.75,0.6
46.75,6.75,0.8999999999999999
46.5,6.75,0.8999999999999999
46.25,6.75,0.8999999999999999
46.75,6.75,1.2
46.5,6.75,1.2
46.25,6.75,1.2
46.25,7.25,0.3
46.5,7.25,0.3
46.75,7.25,0.3
46.25,7.25,0.6
46.5,7.25,0.6
46.75,7.25,0.6
46.25,7.25,0.8999999999999999
46.5,7.25,0.8999999999999999
46.75,7.25,0.8999999999999999
46.25,7.25,1.2
46.5,7.25,1.2
46.75,7.25,1.2
46.75,8.25,0.3
46.75,8.5,0.3
46.75,8.75,0.3
46.75,8.25,0.6
46.75,8.5,0.6
46.75,8.75,0.6
46.75,8.25,0.8999999999999999
46.75,8.5,0.8999999999999999
46.75,8.75,0.8999999999999999
46.75,8.25,1.2
46.75,8.5,1.2
46.75,8.75,1.2
46.25,9.75,0.3
46.25,9.5,0.3
46.25,9.25,0.3
46.25,9.75,0.6
46.25,9.5,0.6
46.25,9.25,0.6
46.25,9.75,0.8999999999999999
46.25,9.5,0.8999999999999999
46.25,9.25,0.8999999999999999
46.25,9.75,1.2
46.25,9.5,1.2
46.25,9.25,1.2
46.75,11.75,0.3
46.5,11.75,0.3
46.25,11.75,0.3
46.75,11.75,0.6
46.5,11.75,0.6
46.25,11.75,0.6
46.75,11.75,0.8999999999999999
46.5,11.75,0.8999999999999999
46.25,11.75,0.8999999999999999
46.75,11.75,1.2
46.5,11.75,1.2
46.25,11.75,1.2
46.75,12.25,0.3
46.75,12.5,0.3
46.75,12.75,0.3
46.75,12.25,0.6
46.75,12.5,0.6
46.75,12.75,0.6
46.75,12.25,0.8999999999999999
46.75,12.5,0.8999999999999999
46.75,12.75,0.8999999999999999
46.75,12.25,1.2
46.75,12.5,1.2
46.75,12.75,1.2
46.25,15.75,0.3
46.25,15.5,0.3
46.25,15.25,0.3
46.25,15.75,0.6
46.25,15.5,0.6
46.25,15.25,0.6
46.25,15.75,0.8999999999999999
46.25,15.5,0.8999999999999999
46.25,15.25,0.8999999999999999
46.25,15.75,1.2
46.25,15.5,1.2
46.25,15.25,1.2
47.25,2.75,0.3
47.25,2.5,0.3
47.25,2.25,0.3
47.25,2.75,0.6
47.25,2.5,0.6
47.25,2.25,0.6
47.25,2.75,0.8999999999999999
47.25,2.5,0.8999999999999999
47.25,2.25,0.8999999999999999
47.25,2.75,1.2
47.25,2.5,1.2
47.25,2.25,1.2
47.75,9.25,0.3
47.75,9.5,0.3
47.75,9.75,0.3
47.75,9.25,0.6
47.75,9.5,0.6
47.75,9.75,0.6
47.75,9.25,0.8999999999999999
47.75,9.5,0.8999999999999999
47.75,9.75,0.8999999999999999
47.75,9.25,1.2
47.75,9.5,1.2
47.75,9.75,1.2
47.25,12.75,0.3
47.25,12.5,0.3
47.25,12.25,0.3
47.25,12.75,0.6
47.25,12.5,0.6
47.25,12.25,0.6
47.25,12.75,0.8999999999999999
47.25,12.5,0.8999999999999999
47.25,12.25,0.8999999999999999
47.25,12.75,1.2
47.25,12.5,1.2
47.25,12.25,1.2
47.75,16.75,0.3
47.5,16.75,0.3
47.25,16.75,0.3
47.75,16.75,0.6
47.5,16.75,0.6
47.25,16.75,0.6
47.75,16.75,0.8999999999999999
47.5,16.75,0.8999999999999999
47.25,16.75,0.8999999999999999
47.75,16.75,1.2
47.5,16.75,1.2
47.25,16.75,1.2
48.75,1.75,0.3
48.5,1.75,0.3
48.25,1.75,0.3
48.75,1.75,0.6
48.5,1.75,0.6
48.25,1.75,0.6
48.75,1.75,0.8999999999999999
48.5,1.75,0.8999999999999999
48.25,1.75,0.8999999999999999
48.75,1.75,1.2
48.5,1.75,1.2
48.25,1.75,1.2
48.25,2.25,0.3
48.5,2.25,0.3
48.75,2.25,0.3
48.25,2.25,0.6
48.5,2.25,0.6
48.75,2.25,0.6
48.25,2.25,0.8999999999999999
48.5,2.25,0.8999999999999999
48.75,2.25,0.8999999999999999
48.25,2.25,1.2
48.5,2.25,1.2
48.75,2.25,1.2
48.25,4.75,0.3
48.25,4.5,0.3
48.25,4.25,0.3
48.25,4.75,0.6
48.25,4.5,0.6
48.25,4.25,0.6
48.25,4.75,0.8999999999999999
48.25,4.5,0.8999999999999999
48.25,4.25,0.8999999999999999
48.25,4.75,1.2
48.25,4.5,1.2
48.25,4.25,1.2
48.25,6.25,0.3
48.5,6.25,0.3
48.75,6.25,0.3
48.25,6.25,0.6
48.5,6.25,0.6
48.75,6.25,0.6
48.25,6.25,0.8999999999999999
48.5,6.25,0.8999999999999999
48.75,6.25,0.8999999999999999
48.25,6.25,1.2
48.5,6.25,1.2
48.75,6.25,1.2
48.75,10.75,0.3
48.5,10.75,0.3
48.25,10.75,0.3
48.75,10.75,0.6
48.5,10.75,0.6
48.25,10.75,0.6
48.75,10.75,0.8999999999999999
48.5,10.75,0.8999999999999999
48.25,10.75,0.8999999999999999
48.75,10.75,1.2
48.5,10.75,1.2
48.25,10.75,1.2
48.75,13.75,0.3
48.5,13.75,0.3
48.25,13.75,0.3
48.75,13.75,0.6
48.5,13.75,0.6
48.25,13.75,0.6
48.75,13.75,0.8999999999999999
48.5,13.75,0.8999999999999999
48.25,13.75,0.8999999999999999
48.75,13.75,1.2
48.5,13.75,1.2
48.25,13.75,1.2
48.75,15.75,0.3
48.5,15.75,0.3
48.25,15.75,0.3
48.75,15.75,0.6
48.5,15.75,0.6
48.25,15.75,0.6
48.75,15.75,0.8999999999999999
48.5,15.75,0.8999999999999999
48.25,15.75,0.8999999999999999
48.75,15.75,1.2
48.5,15.75,1.2
48.25,15.75,1.2
48.25,17.75,0.3
48.25,17.5,0.3
48.25,17.25,0.3
48.25,17.75,0.6
48.25,17.5,0.6
48.25,17.25,0.6
48.25,17.75,0.8999999999999999
48.25,17.5,0.8999999999999999
48.25,17.25,0.8999999999999999
48.25,17.75,1.2
48.25,17.5,1.2
48.25,17.25,1.2
49.25,5.75,0.3
49.25,5.5,0.3
49.25,5.25,0.3
49.25,5.75,0.6
49.25,5.5,0.6
49.25,5.25,0.6
49.25,5.75,0.8999999999999999
49.25,5.5,0.8999999999999999
49.25,5.25,0.8999999999999999
49.25,5.75,1.2
49.25,5.5,1.2
49.25,5.25,1.2
49.25,6.75,0.3
49.25,6.5,0.3
49.25,6.25,0.3
49.25,6.75,0.6
49.25,6.5,0.6
49.25,6.25,0.6
49.25,6.75,0.8999999999999999
49.25,6.5,0.8999999999999999
49.25,6.25,0.8999999999999999
49.25,6.75,1.2
49.25,6.5,1.2
49.25,6.25,1.2
49.25,7.75,0.3
49.25,7.5,0.3
49.25,7.25,0.3
49.25,7.75,0.6
49.25,7.5,0.6
49.25,7.25,0.6
49.25,7.75,0.8999999999999999
49.25,7.5,0.8999999999999999
49.25,7.25,0.8999999999999999
49.25,7.75,1.2
49.25,7.5,1.2
49.25,7.25,1.2
49.75,13.75,0.3
49.5,13.75,0.3
49.25,13.75,0.3
49.75,13.75,0.6
49.5,13.75,0.6
49.25,13.75,0.6
49.75,13.75,0.8999999999999999
49.5,13.75,0.8999999999999999
49.25,13.75,0.8999999999999999
49.75,13.75,1.2
49.5,13.75,1.2
49.25,13.75,1.2
49.75,14.75,0.3
49.5,14.75,0.3
49.25,14.75,0.3
49.75,14.75,0.6
49.5,14.75,0.6
49.25,14.75,0.6
49.75,14.75,0.8999999999999999
49.5,14.75,0.8999999999999999
49.25,14.75,0.8999999999999999
49.75,14.75,1.2
49.5,14.75,1.2
49.25,14.75,1.2
49.75,15.25,0.3
49.75,15.5,0.3
49.75,15.75,0.3
49.75,15.25,0.6
49.75,15.5,0.6
49.75,15.75,0.6
49.75,15.25,0.8999999999999999
49.75,15.5,0.8999999999999999
49.75,15.75,0.8999999999999999
49.75,15.25,1.2
49.75,15.5,1.2
49.75,15.75,1.2
49.25,18.25,0.3
49.5,18.25,0.3
49.75,18.25,0.3
49.25,18.25,0.6
49.5,18.25,0.6
49.75,18.25,0.6
49.25,18.25,0.8999999999999999
49.5,18.25,0.8999999999999999
49.75,18.25,0.8999999999999999
49.25,18.25,1.2
49.5,18.25,1.2
49.75,18.25,1.2
49.75,19.25,0.3
49.75,19.5,0.3
49.75,19.75,0.3
49.75,19.25,0.6
49.75,19.5,0.6
49.75,19.75,0.6
49.75,19.25,0.8999999999999999
49.75,19.5,0.8999999999999999
49.75,19.75,0.8999999999999999
49.75,19.25,1.2
49.75,19.5,1.2
49.75,19.75,1.2
