0.75,0.25,0.3
1.0,0.25,0.3
1.25,0.25,0.3
0.75,0.25,0.6
1.0,0.25,0.6
1.25,0.25,0.6
0.75,0.25,0.8999999999999999
1.0,0.25,0.8999999999999999
1.25,0.25,0.8999999999999999
0.75,0.25,1.2
1.0,0.25,1.2
1.25,0.25,1.2
1.75,0.25,0.3
2.0,0.25,0.3
2.25,0.25,0.3
1.75,0.25,0.6
2.0,0.25,0.6
2.25,0.25,0.6
1.75,0.25,0.8999999999999999
2.0,0.25,0.8999999999999999
2.25,0.25,0.8999999999999999
1.75,0.25,1.2
2.0,0.25,1.2
2.25,0.25,1.2
2.75,0.25,0.3
3.0,0.25,0.3
3.25,0.25,0.3
2.75,0.25,0.6
3.0,0.25,0.6
3.25,0.25,0.6
2.75,0.25,0.8999999999999999
3.0,0.25,0.8999999999999999
3.25,0.25,0.8999999999999999
2.75,0.25,1.2
3.0,0.25,1.2
3.25,0.25,1.2
3.75,0.25,0.3
4.0,0.25,0.3
4.25,0.25,0.3
3.75,0.25,0.6
4.0,0.25,0.6
4.25,0.25,0.6
3.75,0.25,0.8999999999999999
4.0,0.25,0.8999999999999999
4.25,0.25,0.8999999999999999
3.75,0.25,1.2
4.0,0.25,1.2
4.25,0.25,1.2
4.75,0.25,0.3
5.0,0.25,0.3
5.25,0.25,0.3
4.75,0.25,0.6
5.0,0.25,0.6
5.25,0.25,0.6
4.75,0.25,0.8999999999999999
5.0,0.25,0.8999999999999999
5.25,0.25,0.8999999999999999
4.75,0.25,1.2
5.0,0.25,1.2
5.25,0.25,1.2
5.75,0.25,0.3
6.0,0.25,0.3
6.25,0.25,0.3
5.75,0.25,0.6
6.0,0.25,0.6
6.25,0.25,0.6
5.75,0.25,0.8999999999999999
6.0,0.25,0.8999999999999999
6.25,0.25,0.8999999999999999
5.75,0.25,1.2
6.0,0.25,1.2
6.25,0.25,1.2
2.25,1.75,0.3
2.0,1.75,0.3
1.75,1.75,0.3
2.25,1.75,0.6
2.0,1.75,0.6
1.75,1.75,0.6
2.25,1.75,0.8999999999999999
2.0,1.75,0.8999999999999999
1.75,1.75,0.8999999999999999
2.25,1.75,1.2
2.0,1.75,1.2
1.75,1.75,1.2
1.75,2.25,0.3
2.0,2.25,0.3
2.25,2.25,0.3
1.75,2.25,0.6
2.0,2.25,0.6
2.25,2.25,0.6
1.75,2.25,0.8999999999999999
2.0,2.25,0.8999999999999999
2.25,2.25,0.8999999999999999
1.75,2.25,1.2
2.0,2.25,1.2
2.25,2.25,1.2
2.25,3.75,0.3
2.0,3.75,0.3
1.75,3.75,0.3
2.25,3.75,0.6
2.0,3.75,0.6
1.75,3.75,0.6
2.25,3.75,0.8999999999999999
2.0,3.75,0.8999999999999999
1.75,3.75,0.8999999999999999
2.25,3.75,1.2
2.0,3.75,1.2
1.75,3.75,1.2
1.75,4.25,0.3
2.0,4.25,0.3
2.25,4.25,0.3
1.75,4.25,0.6
2.0,4.25,0.6
2.25,4.25,0.6
1.75,4.25,0.8999999999999999
2.0,4.25,0.8999999999999999
2.25,4.25,0.8999999999999999
1.75,4.25,1.2
2.0,4.25,1.2
2.25,4.25,1.2
3.25,1.75,0.3
3.0,1.75,0.3
2.75,1.75,0.3
3.25,1.75,0.6
3.0,1.75,0.6
2.75,1.75,0.6
3.25,1.75,0.8999999999999999
3.0,1.75,0.8999999999999999
2.75,1.75,0.8999999999999999
3.25,1.75,1.2
3.0,1.75,1.2
2.75,1.75,1.2
2.75,2.25,0.3
3.0,2.25,0.3
3.25,2.25,0.3
2.75,2.25,0.6
3.0,2.25,0.6
3.25,2.25,0.6
2.75,2.25,0.8999999999999999
3.0,2.25,0.8999999999999999
3.25,2.25,0.8999999999999999
2.75,2.25,1.2
3.0,2.25,1.2
3.25,2.25,1.2
3.25,3.75,0.3
3.0,3.75,0.3
2.75,3.75,0.3
3.25,3.75,0.6
3.0,3.75,0.6
2.75,3.75,0.6
3.25,3.75,0.8999999999999999
3.0,3.75,0.8999999999999999
2.75,3.75,0.8999999999999999
3.25,3.75,1.2
3.0,3.75,1.2
2.75,3.75,1.2
2.75,4.25,0.3
3.0,4.25,0.3
3.25,4.25,0.3
2.75,4.25,0.6
3.0,4.25,0.6
3.25,4.25,0.6
2.75,4.25,0.8999999999999999
3.0,4.25,0.8999999999999999
3.25,4.25,0.8999999999999999
2.75,4.25,1.2
3.0,4.25,1.2
3.25,4.25,1.2
4.25,1.75,0.3
4.0,1.75,0.3
3.75,1.75,0.3
4.25,1.75,0.6
4.0,1.75,0.6
3.75,1.75,0.6
4.25,1.75,0.8999999999999999
4.0,1.75,0.8999999999999999
3.75,1.75,0.8999999999999999
4.25,1.75,1.2
4.0,1.75,1.2
3.75,1.75,1.2
3.75,2.25,0.3
4.0,2.25,0.3
4.25,2.25,0.3
3.75,2.25,0.6
4.0,2.25,0.6
4.25,2.25,0.6
3.75,2.25,0.8999999999999999
4.0,2.25,0.8999999999999999
4.25,2.25,0.8999999999999999
3.75,2.25,1.2
4.0,2.25,1.2
4.25,2.25,1.2
4.25,3.75,0.3
4.0,3.75,0.3
3.75,3.75,0.3
4.25,3.75,0.6
4.0,3.75,0.6
3.75,3.75,0.6
4.25,3.75,0.8999999999999999
4.0,3.75,0.8999999999999999
3.75,3.75,0.8999999999999999
4.25,3.75,1.2
4.0,3.75,1.2
3.75,3.75,1.2
3.75,4.25,0.3
4.0,4.25,0.3
4.25,4.25,0.3
3.75,4.25,0.6
4.0,4.25,0.6
4.25,4.25,0.6
3.75,4.25,0.8999999999999999
4.0,4.25,0.8999999999999999
4.25,4.25,0.8999999999999999
3.75,4.25,1.2
4.0,4.25,1.2
4.25,4.25,1.2
5.25,1.75,0.3
5.0,1.75,0.3
4.75,1.75,0.3
5.25,1.75,0.6
5.0,1.75,0.6
4.75,1.75,0.6
5.25,1.75,0.8999999999999999
5.0,1.75,0.8999999999999999
4.75,1.75,0.8999999999999999
5.25,1.75,1.2
5.0,1.75,1.2
4.75,1.75,1.2
4.75,2.25,0.3
5.0,2.25,0.3
5.25,2.25,0.3
4.75,2.25,0.6
5.0,2.25,0.6
5.25,2.25,0.6
4.75,2.25,0.8999999999999999
5.0,2.25,0.8999999999999999
5.25,2.25,0.8999999999999999
4.75,2.25,1.2
5.0,2.25,1.2
5.25,2.25,1.2
5.25,3.75,0.3
5.0,3.75,0.3
4.75,3.75,0.3
5.25,3.75,0.6
5.0,3.75,0.6
4.75,3.75,0.6
5.25,3.75,0.8999999999999999
5.0,3.75,0.8999999999999999
4.75,3.75,0.8999999999999999
5.25,3.75,1.2
5.0,3.75,1.2
4.75,3.75,1.2
4.75,4.25,0.3
5.0,4.25,0.3
5.25,4.25,0.3
4.75,4.25,0.6
5.0,4.25,0.6
5.25,4.25,0.6
4.75,4.25,0.8999999999999999
5.0,4.25,0.8999999999999999
5.25,4.25,0.8999999999999999
4.75,4.25,1.2
5.0,4.25,1.2
5.25,4.25,1.2
6.25,1.75,0.3
6.0,1.75,0.3
5.75,1.75,0.3
6.25,1.75,0.6
6.0,1.75,0.6
5.75,1.75,0.6
6.25,1.75,0.8999999999999999
6.0,1.75,0.8999999999999999
5.75,1.75,0.8999999999999999
6.25,1.75,1.2
6.0,1.75,1.2
5.75,1.75,1.2
5.75,2.25,0.3
6.0,2.25,0.3
6.25,2.25,0.3
5.75,2.25,0.6
6.0,2.25,0.6
6.25,2.25,0.6
5.75,2.25,0.8999999999999999
6.0,2.25,0.8999999999999999
6.25,2.25,0.8999999999999999
5.75,2.25,1.2
6.0,2.25,1.2
6.25,2.25,1.2
6.25,3.75,0.3
6.0,3.75,0.3
5.75,3.75,0.3
6.25,3.75,0.6
6.0,3.75,0.6
5.75,3.75,0.6
6.25,3.75,0.8999999999999999
6.0,3.75,0.8999999999999999
5.75,3.75,0.8999999999999999
6.25,3.75,1.2
6.0,3.75,1.2
5.75,3.75,1.2
5.75,4.25,0.3
6.0,4.25,0.3
6.25,4.25,0.3
5.75,4.25,0.6
6.0,4.25,0.6
6.25,4.25,0.6
5.75,4.25,0.8999999999999999
6.0,4.25,0.8999999999999999
6.25,4.25,0.8999999999999999
5.75,4.25,1.2
6.0,4.25,1.2
6.25,4.25,1.2
1.25,5.75,0.3
1.0,5.75,0.3
0.75,5.75,0.3
1.25,5.75,0.6
1.0,5.75,0.6
0.75,5.75,0.6
1.25,5.75,0.8999999999999999
1.0,5.75,0.8999999999999999
0.75,5.75,0.8999999999999999
1.25,5.75,1.2
1.0,5.75,1.2
0.75,5.75,1.2
2.25,5.75,0.3
2.0,5.75,0.3
1.75,5.75,0.3
2.25,5.75,0.6
2.0,5.75,0.6
1.75,5.75,0.6
2.25,5.75,0.8999999999999999
2.0,5.75,0.8999999999999999
1.75,5.75,0.8999999999999999
2.25,5.75,1.2
2.0,5.75,1.2
1.75,5.75,1.2
3.25,5.75,0.3
3.0,5.75,0.3
2.75,5.75,0.3
3.25,5.75,0.6
3.0,5.75,0.6
2.75,5.75,0.6
3.25,5.75,0.8999999999999999
3.0,5.75,0.8999999999999999
2.75,5.75,0.8999999999999999
3.25,5.75,1.2
3.0,5.75,1.2
2.75,5.75,1.2
4.25,5.75,0.3
4.0,5.75,0.3
3.75,5.75,0.3
4.25,5.75,0.6
4.0,5.75,0.6
3.75,5.75,0.6
4.25,5.75,0.8999999999999999
4.0,5.75,0.8999999999999999
3.75,5.75,0.8999999999999999
4.25,5.75,1.2
4.0,5.75,1.2
3.75,5.75,1.2
5.25,5.75,0.3
5.0,5.75,0.3
4.75,5.75,0.3
5.25,5.75,0.6
5.0,5.75,0.6
4.75,5.75,0.6
5.25,5.75,0.8999999999999999
5.0,5.75,0.8999999999999999
4.75,5.75,0.8999999999999999
5.25,5.75,1.2
5.0,5.75,1.2
4.75,5.75,1.2
6.25,5.75,0.3
6.0,5.75,0.3
5.75,5.75,0.3
6.25,5.75,0.6
6.0,5.75,0.6
5.75,5.75,0.6
6.25,5.75,0.8999999999999999
6.0,5.75,0.8999999999999999
5.75,5.75,0.8999999999999999
6.25,5.75,1.2
6.0,5.75,1.2
5.75,5.75,1.2
7.25,5.75,0.3
7.0,5.75,0.3
6.75,5.75,0.3
7.25,5.75,0.6
7.0,5.75,0.6
6.75,5.75,0.6
7.25,5.75,0.8999999999999999
7.0,5.75,0.8999999999999999
6.75,5.75,0.8999999999999999
7.25,5.75,1.2
7.0,5.75,1.2
6.75,5.75,1.2
0.25,0.75,0.3
0.25,0.5,0.3
0.25,0.25,0.3
0.25,0.75,0.6
0.25,0.5,0.6
0.25,0.25,0.6
0.25,0.75,0.8999999999999999
0.25,0.5,0.8999999999999999
0.25,0.25,0.8999999999999999
0.25,0.75,1.2
0.25,0.5,1.2
0.25,0.25,1.2
0.25,1.75,0.3
0.25,1.5,0.3
0.25,1.25,0.3
0.25,1.75,0.6
0.25,1.5,0.6
0.25,1.25,0.6
0.25,1.75,0.8999999999999999
0.25,1.5,0.8999999999999999
0.25,1.25,0.8999999999999999
0.25,1.75,1.2
0.25,1.5,1.2
0.25,1.25,1.2
0.25,2.75,0.3
0.25,2.5,0.3
0.25,2.25,0.3
0.25,2.75,0.6
0.25,2.5,0.6
0.25,2.25,0.6
0.25,2.75,0.8999999999999999
0.25,2.5,0.8999999999999999
0.25,2.25,0.8999999999999999
0.25,2.75,1.2
0.25,2.5,1.2
0.25,2.25,1.2
0.25,3.75,0.3
0.25,3.5,0.3
0.25,3.25,0.3
0.25,3.75,0.6
0.25,3.5,0.6
0.25,3.25,0.6
0.25,3.75,0.8999999999999999
0.25,3.5,0.8999999999999999
0.25,3.25,0.8999999999999999
0.25,3.75,1.2
0.25,3.5,1.2
0.25,3.25,1.2
0.25,4.75,0.3
0.25,4.5,0.3
0.25,4.25,0.3
0.25,4.75,0.6
0.25,4.5,0.6
0.25,4.25,0.6
0.25,4.75,0.8999999999999999
0.25,4.5,0.8999999999999999
0.25,4.25,0.8999999999999999
0.25,4.75,1.2
0.25,4.5,1.2
0.25,4.25,1.2
0.25,5.75,0.3
0.25,5.5,0.3
0.25,5.25,0.3
0.25,5.75,0.6
0.25,5.5,0.6
0.25,5.25,0.6
0.25,5.75,0.8999999999999999
0.25,5.5,0.8999999999999999
0.25,5.25,0.8999999999999999
0.25,5.75,1.2
0.25,5.5,1.2
0.25,5.25,1.2
